0  4  50.3698  0  50.3698  91.1143  -1.00325  
0  4.5037  49.5187  0.0100325  50.3698  -85.1143  1.00325  
0.01  5.0074  47.0369  0.0392733  50.3698  -248.178  2.92409  
0.02  5.51109  43.2455  0.0852259  50.3698  -379.139  4.59526  
0.03  6.01479  38.5559  0.143967  50.3698  -468.962  5.87407  
0.04  6.51849  33.4285  0.21048  50.3698  -512.733  6.65134  
0.05  7.02219  28.3306  0.279087  50.3698  -509.796  6.8607  
0.06  7.52589  23.2316  0.347694  50.3698  -509.894  6.8607  
0.07  8.02958  18.1317  0.416301  50.3698  -509.992  6.8607  
0.08  8.53328  13.0308  0.484908  50.3698  -510.09  6.8607  
0.09  9.03698  7.92893  0.553515  50.3698  -510.188  6.8607  
0.1  9.54068  2.82607  0.622122  50.3698  -510.286  6.8607  
0.11  10.0444  -2.27778  0.690729  50.3698  -510.384  6.8607  
0.12  10.5481  -6.82647  0.759336  50.3698  -454.869  6.8607  
0.13  11.0518  -10.4688  0.827943  50.3698  -364.231  6.8607  
0.14  11.5555  -12.9544  0.89655  50.3698  -248.561  6.8607  
0.15  12.0592  -14.1485  0.965157  50.3698  -119.409  6.8607  
0.16  12.5629  -14.0355  1.03376  50.3698  11.2952  6.8607  
0.17  13.0666  -12.7127  1.10237  50.3698  132.287  6.8607  
0.18  13.5703  -10.3738  1.17098  50.3698  233.886  6.8607  
0.19  14.074  -7.28664  1.23958  50.3698  308.715  6.8607  
0.2  14.5777  -3.76486  1.30819  50.3698  352.178  6.8607  
0.21  15.0814  -0.138243  1.3768  50.3698  362.661  6.8607  
0.22  15.5851  3.27654  1.44541  50.3698  341.478  6.8607  
0.23  16.0888  6.69034  1.51401  50.3698  341.38  6.8607  
0.24  16.5924  10.1032  1.58262  50.3698  341.282  6.8607  
0.25  17.0961  13.515  1.65123  50.3698  341.184  6.8607  
0.26  17.5998  16.9259  1.71983  50.3698  341.086  6.8607  
0.27  18.1035  20.3357  1.78844  50.3698  340.988  6.8607  
0.28  18.6072  23.7446  1.85705  50.3698  340.89  6.8607  
0.29  19.1109  27.1526  1.92565  50.3698  340.792  6.8607  
0.3  19.6146  30.5595  1.99426  50.3698  340.694  6.8607  
0.31  20.1183  33.6696  2.06287  50.3698  311.01  6.8607  
0.32  20.622  36.2372  2.13148  50.3698  256.759  6.8607  
0.33  21.1257  38.0793  2.20008  50.3698  184.215  6.8607  
0.34  21.6294  39.0873  2.26869  50.3698  100.798  6.8607  
0.35  22.1331  39.2309  2.3373  50.3698  14.3572  6.8607  
0.36  22.6368  38.5556  2.4059  50.3698  -67.5242  6.8607  
0.37  23.1405  37.174  2.47451  50.3698  -138.16  6.8607  
0.38  23.6442  35.2513  2.54312  50.3698  -192.272  6.8607  
0.39  24.1479  32.9879  2.61172  50.3698  -226.346  6.8607  
0.4  24.6516  30.5997  2.68033  50.3698  -238.813  6.8607  
0.41  25.1553  28.2992  2.74894  50.3698  -230.055  6.8607  
0.42  25.659  25.9977  2.81755  50.3698  -230.153  6.8607  
0.43  26.1627  23.6951  2.88615  50.3698  -230.251  6.8607  
0.44  26.6664  21.3916  2.95476  50.3698  -230.349  6.8607  
0.45  27.1701  19.0872  3.02337  50.3698  -230.447  6.8607  
0.46  27.6738  16.7817  3.09197  50.3698  -230.546  6.8607  
0.47  28.1775  14.4753  3.16058  50.3698  -230.644  6.8607  
0.48  28.6812  12.1679  3.22919  50.3698  -230.742  6.8607  
0.49  29.1849  9.85946  3.29779  50.3698  -230.84  6.8607  
0.5  29.6886  7.55008  3.3664  50.3698  -230.938  6.8607  
0.51  30.1923  5.23972  3.43501  50.3698  -231.036  6.8607  
0.52  30.6479  2.92838  3.50361  45.5599  -231.134  6.8607  
0.53  31.0433  0.616059  3.57222  39.5378  -231.232  6.8607  
0.54  31.3691  -1.69724  3.64083  32.5874  -231.33  6.8607  
0.55  31.6192  -3.69173  3.70944  25.0049  -199.448  6.8607  
0.56  31.7901  -5.21843  3.77804  17.0879  -152.67  6.8607  
0.57  31.8813  -6.1783  3.84665  9.12535  -95.9876  6.8607  
0.58  31.8952  -6.52733  3.91526  1.38845  -34.9029  6.8607  
0.59  31.8364  -6.2766  3.98386  -5.87739  25.0737  6.8607  
0.6  31.7118  -5.48764  4.05247  -12.459  78.8953  6.8607  
0.61  31.53  -4.26386  4.12108  -18.1807  122.379  6.8607  
0.62  31.301  -2.73883  4.18968  -22.9072  152.503  6.8607  
0.63  31.0355  -1.06294  4.25829  -26.5461  167.589  6.8607  
0.64  30.745  0.610632  4.3269  -29.0475  167.357  6.8607  
0.65  30.441  2.28322  4.39551  -30.4034  167.259  6.8607  
0.66  30.1346  3.95483  4.46411  -30.6449  167.161  6.8607  
0.67  29.8362  5.62546  4.53272  -29.8383  167.063  6.8607  
0.68  29.5554  7.29511  4.60133  -28.0809  166.965  6.8607  
0.69  29.2745  8.96378  4.66993  -28.0809  166.867  6.8607  
0.7  28.9937  10.6315  4.73854  -28.0809  166.769  6.8607  
0.71  28.7129  12.2982  4.80715  -28.0809  166.67  6.8607  
0.72  28.4321  13.9639  4.87575  -28.0809  166.572  6.8607  
0.73  28.1513  15.6286  4.94436  -28.0809  166.474  6.8607  
0.74  27.8705  17.2924  5.01297  -28.0809  166.376  6.8607  
0.75  27.5897  18.9552  5.08158  -28.0809  166.278  6.8607  
0.76  27.3089  20.617  5.15018  -28.0809  166.18  6.8607  
0.77  27.0281  22.2778  5.21879  -28.0809  166.082  6.8607  
0.78  26.7473  23.9376  5.2874  -28.0809  165.984  6.8607  
0.79  26.4665  25.5965  5.356  -28.0809  165.886  6.8607  
0.8  26.1856  27.2544  5.42461  -28.0809  165.788  6.8607  
0.81  25.9048  28.9113  5.49322  -28.0809  165.689  6.8607  
0.82  25.624  30.5672  5.56182  -28.0809  165.591  6.8607  
0.83  25.3432  32.0428  5.63043  -28.0809  147.562  6.8607  
0.84  25.0624  33.2242  5.69904  -28.0809  118.139  6.8607  
0.85  24.7816  34.0302  5.76765  -28.0809  80.5989  6.8607  
0.86  24.5008  34.4171  5.83625  -28.0809  38.6893  6.8607  
0.87  24.22  34.3799  5.90486  -28.0809  -3.71875  6.8607  
0.88  23.9392  33.9502  5.97347  -28.0809  -42.9711  6.8607  
0.89  23.6584  33.1909  6.04207  -28.0809  -75.9274  6.8607  
0.9  23.3776  32.1889  6.11068  -28.0809  -100.195  6.8607  
0.91  23.0967  31.0461  6.17929  -28.0809  -114.284  6.8607  
0.92  22.8159  29.8694  6.24789  -28.0809  -117.672  6.8607  
0.93  22.5351  28.7615  6.3165  -28.0809  -110.786  6.8607  
0.94  22.2543  27.6527  6.38511  -28.0809  -110.884  6.8607  
0.95  21.9735  26.5429  6.45371  -28.0809  -110.982  6.8607  
0.96  21.6927  25.4321  6.52232  -28.0809  -111.08  6.8607  
0.97  21.4119  24.3203  6.59093  -28.0809  -111.178  6.8607  
0.98  21.1311  23.2075  6.65954  -28.0809  -111.276  6.8607  
0.99  20.8503  22.0938  6.72814  -28.0809  -111.374  6.8607  
1  20.5695  20.9791  6.79675  -28.0809  -111.472  6.8607  
1.01  20.2887  19.8634  6.86536  -28.0809  -111.57  6.8607  
1.02  20.0078  18.7467  6.93396  -28.0809  -111.668  6.8607  
1.03  19.727  17.629  7.00257  -28.0809  -111.767  6.8607  
1.04  19.4462  16.5104  7.07118  -28.0809  -111.865  6.8607  
1.05  19.1654  15.3907  7.13978  -28.0809  -111.963  6.8607  
1.06  18.8846  14.2701  7.20839  -28.0809  -112.061  6.8607  
1.07  18.6038  13.1486  7.277  -28.0809  -112.159  6.8607  
1.08  18.323  12.026  7.34561  -28.0809  -112.257  6.8607  
1.09  18.0422  10.9024  7.41421  -28.0809  -112.355  6.8607  
1.1  17.7614  9.7779  7.48282  -28.0809  -112.453  6.8607  
1.11  17.4806  8.65239  7.55143  -28.0809  -112.551  6.8607  
1.12  17.1998  7.52589  7.62003  -28.0809  -112.649  6.8607  
1.13  16.9189  6.39842  7.68864  -28.0809  -112.748  6.8607  
1.14  16.6381  5.26996  7.75725  -28.0809  -112.846  6.8607  
1.15  16.3573  4.14052  7.82585  -28.0809  -112.944  6.8607  
1.16  16.0765  3.0101  7.89446  -28.0809  -113.042  6.8607  
1.17  15.7957  1.8787  7.96307  -28.0809  -113.14  6.8607  
1.18  15.5149  0.746324  8.03168  -28.0809  -113.238  6.8607  
1.19  15.2341  -0.387037  8.10028  -28.0809  -113.336  6.8607  
1.2  14.9533  -1.39242  8.16889  -28.0809  -100.538  6.8607  
1.21  14.6725  -2.19253  8.2375  -28.0809  -80.0119  6.8607  
1.22  14.3917  -2.73282  8.3061  -28.0809  -54.0281  6.8607  
1.23  14.1109  -2.98452  8.37471  -28.0809  -25.1702  6.8607  
1.24  13.83  -2.94546  8.44332  -28.0809  3.90545  6.8607  
1.25  13.5492  -2.63845  8.51192  -28.0809  30.7017  6.8607  
1.26  13.2684  -2.10761  8.58053  -28.0809  53.0831  6.8607  
1.27  12.9876  -1.41327  8.64914  -28.0809  69.4342  6.8607  
1.28  12.7068  -0.625648  8.71775  -28.0809  78.7625  6.8607  
1.29  12.426  0.181768  8.78635  -28.0809  80.7415  6.8607  
1.3  12.1452  0.938709  8.85496  -28.0809  75.6941  6.8607  
1.31  11.8644  1.69467  8.92357  -28.0809  75.596  6.8607  
1.32  11.5836  2.44965  8.99217  -28.0809  75.4979  6.8607  
1.33  11.3028  3.20365  9.06078  -28.0809  75.3998  6.8607  
1.34  11.022  3.95666  9.12939  -28.0809  75.3017  6.8607  
1.35  10.7411  4.7087  9.19799  -28.0809  75.2036  6.8607  
1.36  10.4603  5.45976  9.2666  -28.0809  75.1055  6.8607  
1.37  10.1795  6.20983  9.33521  -28.0809  75.0074  6.8607  
1.38  9.89872  6.95892  9.40381  -28.0809  74.9093  6.8607  
1.39  9.61791  7.70704  9.47242  -28.0809  74.8112  6.8607  
1.4  9.3371  8.45417  9.54103  -28.0809  74.7131  6.8607  
1.41  9.05629  9.20032  9.60964  -28.0809  74.615  6.8607  
1.42  8.77548  9.94549  9.67824  -28.0809  74.5169  6.8607  
1.43  8.49467  10.6897  9.74685  -28.0809  74.4188  6.8607  
1.44  8.21386  11.4329  9.81546  -28.0809  74.3207  6.8607  
1.45  7.93305  12.1751  9.88406  -28.0809  74.2226  6.8607  
1.46  7.65224  12.9164  9.95267  -28.0809  74.1245  6.8607  
1.47  7.37144  13.6566  10.0213  -28.0809  74.0264  6.8607  
1.48  7.09063  14.3959  10.0899  -28.0809  73.9283  6.8607  
1.49  6.80982  15.1342  10.1585  -28.0809  73.8302  6.8607  
1.5  6.52901  15.8715  10.2271  -28.0809  73.7321  6.8607  
1.51  6.2482  16.6079  10.2957  -28.0809  73.634  6.8607  
1.52  5.96739  17.3432  10.3643  -28.0809  73.5359  6.8607  
1.53  5.68658  18.0776  10.4329  -28.0809  73.4378  6.8607  
1.54  5.40577  18.811  10.5015  -28.0809  73.3397  6.8607  
1.55  5.12496  19.5434  10.5701  -28.0809  73.2416  6.8607  
1.56  4.84415  20.2749  10.6387  -28.0809  73.1435  6.8607  
1.57  4.56334  21.0053  10.7073  -28.0809  73.0454  6.8607  
1.58  4.28253  21.7348  10.776  -28.0809  72.9473  6.8607  
1.59  4.00173  22.4633  10.8446  -28.0809  72.8492  6.8607  
1.6  3.72092  23.1908  10.9132  -28.0809  72.7511  6.8607  
1.61  3.44011  23.9173  10.9818  -28.0809  72.653  6.8607  
1.62  3.1593  24.6429  11.0504  -28.0809  72.5549  6.8607  
1.63  2.87849  25.3674  11.119  -28.0809  72.4568  6.8607  
1.64  2.59768  26.091  11.1876  -28.0809  72.3587  6.8607  
1.65  2.31687  26.8136  11.2562  -28.0809  72.2606  6.8607  
1.66  2.03606  27.5353  11.3248  -28.0809  72.1625  6.8607  
1.67  1.75525  28.2559  11.3934  -28.0809  72.0644  6.8607  
1.68  1.47444  28.9756  11.462  -28.0809  71.9663  6.8607  
1.69  1.19363  29.6942  11.5306  -28.0809  71.8682  6.8607  
1.7  0.912825  30.4119  11.5992  -28.0809  71.7701  6.8607  
1.71  0.632016  31.0254  11.6678  -28.0809  61.3449  6.8607  
1.72  0.351207  31.4892  11.7365  -28.0809  46.3796  6.8607  
1.73  0.0703976  31.7737  11.8051  -28.0809  28.4558  6.8607  
1.74  -0.196357  31.8668  11.8737  -26.6755  9.30202  6.8607  
1.75  -0.426282  31.7731  11.9423  -22.9924  -9.36411  6.8607  
1.76  -0.599744  31.5133  12.0109  -17.3462  -25.9814  6.8607  
1.77  -0.701934  31.1206  12.0795  -10.2189  -39.2682  6.8607  
1.78  -0.724125  30.6375  12.1481  -2.21914  -48.313  6.8607  
1.79  -0.664423  30.1112  12.2167  5.97014  -52.6273  6.8607  
1.8  -0.527927  29.5896  12.2853  13.6497  -52.1593  6.8607  
1.81  -0.326289  29.0671  12.3539  20.1638  -52.2574  6.8607  
1.82  -0.076727  28.5435  12.4225  24.9562  -52.3555  6.8607  
1.83  0.199451  28.019  12.4911  27.6178  -52.4536  6.8607  
1.84  0.478665  27.4934  12.5597  27.9213  -52.5517  6.8607  
1.85  0.757878  26.9669  12.6283  27.9213  -52.6498  6.8607  
1.86  1.03709  26.4395  12.6969  27.9213  -52.7479  6.8607  
1.87  1.31631  25.911  12.7656  27.9213  -52.846  6.8607  
1.88  1.59552  25.3816  12.8342  27.9213  -52.9441  6.8607  
1.89  1.87473  24.8511  12.9028  27.9213  -53.0422  6.8607  
1.9  2.15395  24.3197  12.9714  27.9213  -53.1403  6.8607  
1.91  2.43316  23.7874  13.04  27.9213  -53.2384  6.8607  
1.92  2.71237  23.254  13.1086  27.9213  -53.3365  6.8607  
1.93  2.99159  22.7196  13.1772  27.9213  -53.4346  6.8607  
1.94  3.2708  22.1843  13.2458  27.9213  -53.5327  6.8607  
1.95  3.55001  21.648  13.3144  27.9213  -53.6308  6.8607  
1.96  3.82923  21.1107  13.383  27.9213  -53.7289  6.8607  
1.97  4.10844  20.5725  13.4516  27.9213  -53.827  6.8607  
1.98  4.38765  20.0332  13.5202  27.9213  -53.9251  6.8607  
1.99  4.66687  19.493  13.5888  27.9213  -54.0232  6.8607  
2  4.94608  18.9518  13.6574  27.9213  -54.1213  6.8607  
2.01  5.22529  18.4096  13.7261  27.9213  -54.2194  6.8607  
2.02  5.50451  17.8664  13.7947  27.9213  -54.3175  6.8607  
2.03  5.78372  17.3222  13.8633  27.9213  -54.4156  6.8607  
2.04  6.06293  16.7771  13.9319  27.9213  -54.5137  6.8607  
2.05  6.34215  16.231  14.0005  27.9213  -54.6118  6.8607  
2.06  6.62136  15.6839  14.0691  27.9213  -54.7099  6.8607  
2.07  6.90057  15.1358  14.1377  27.9213  -54.808  6.8607  
2.08  7.17979  14.5867  14.2063  27.9213  -54.9061  6.8607  
2.09  7.459  14.0367  14.2749  27.9213  -55.0042  6.8607  
2.1  7.73822  13.4857  14.3435  27.9213  -55.1023  6.8607  
2.11  8.01743  12.9337  14.4121  27.9213  -55.2004  6.8607  
2.12  8.29664  12.3807  14.4807  27.9213  -55.2985  6.8607  
2.13  8.57586  11.8267  14.5493  27.9213  -55.3966  6.8607  
2.14  8.85507  11.2718  14.6179  27.9213  -55.4947  6.8607  
2.15  9.13428  10.7158  14.6866  27.9213  -55.5928  6.8607  
2.16  9.4135  10.1589  14.7552  27.9213  -55.6909  6.8607  
2.17  9.69271  9.60103  14.8238  27.9213  -55.789  6.8607  
2.18  9.97192  9.04216  14.8924  27.9213  -55.8871  6.8607  
2.19  10.2511  8.48231  14.961  27.9213  -55.9852  6.8607  
2.2  10.5304  7.92147  15.0296  27.9213  -56.0833  6.8607  
2.21  10.8096  7.35966  15.0982  27.9213  -56.1814  6.8607  
2.22  11.0888  6.79686  15.1668  27.9213  -56.2795  6.8607  
2.23  11.368  6.23309  15.2354  27.9213  -56.3776  6.8607  
2.24  11.6472  5.66833  15.304  27.9213  -56.4757  6.8607  
2.25  11.9264  5.10259  15.3726  27.9213  -56.5738  6.8607  
2.26  12.2056  4.53587  15.4412  27.9213  -56.6719  6.8607  
2.27  12.4848  3.96817  15.5098  27.9213  -56.77  6.8607  
2.28  12.7641  3.39949  15.5784  27.9213  -56.8681  6.8607  
2.29  13.0433  2.82983  15.647  27.9213  -56.9662  6.8607  
2.3  13.3225  2.25918  15.7157  27.9213  -57.0643  6.8607  
2.31  13.6017  1.68756  15.7843  27.9213  -57.1624  6.8607  
2.32  13.8809  1.11495  15.8529  27.9213  -57.2605  6.8607  
2.33  14.1601  0.541368  15.9215  27.9213  -57.3586  6.8607  
2.34  14.4393  -0.0331997  15.9901  27.9213  -57.4567  6.8607  
2.35  14.7186  -0.547394  16.0587  27.9213  -51.4195  6.8607  
2.36  14.9978  -0.961353  16.1273  27.9213  -41.3959  6.8607  
2.37  15.277  -1.24644  16.1959  27.9213  -28.5087  6.8607  
2.38  15.5562  -1.38694  16.2645  27.9213  -14.0498  6.8607  
2.39  15.8354  -1.38053  16.3331  27.9213  0.640961  6.8607  
2.4  16.1146  -1.23759  16.4017  27.9213  14.2938  6.8607  
2.41  16.3938  -0.979466  16.4703  27.9213  25.8125  6.8607  
2.42  16.673  -0.635903  16.5389  27.9213  34.3563  6.8607  
2.43  16.9523  -0.241955  16.6075  27.9213  39.3948  6.8607  
2.44  17.2315  0.16537  16.6762  27.9213  40.7325  6.8607  
2.45  17.5107  0.550399  16.7448  27.9213  38.5028  6.8607  
2.46  17.7899  0.934446  16.8134  27.9213  38.4047  6.8607  
2.47  18.0691  1.31751  16.882  27.9213  38.3066  6.8607  
2.48  18.3483  1.6996  16.9506  27.9213  38.2085  6.8607  
2.49  18.6275  2.0807  17.0192  27.9213  38.1104  6.8607  
2.5  18.9068  2.46083  17.0878  27.9213  38.0123  6.8607  
2.51  19.186  2.83997  17.1564  27.9213  37.9142  6.8607  
2.52  19.4652  3.21813  17.225  27.9213  37.8161  6.8607  
2.53  19.7444  3.59531  17.2936  27.9213  37.718  6.8607  
2.54  20.0236  3.97151  17.3622  27.9213  37.6199  6.8607  
2.55  20.3028  4.34673  17.4308  27.9213  37.5218  6.8607  
2.56  20.582  4.72097  17.4994  27.9213  37.4237  6.8607  
2.57  20.8612  5.09422  17.568  27.9213  37.3256  6.8607  
2.58  21.1405  5.4665  17.6367  27.9213  37.2275  6.8607  
2.59  21.4197  5.83779  17.7053  27.9213  37.1294  6.8607  
2.6  21.6989  6.20811  17.7739  27.9213  37.0313  6.8607  
2.61  21.9781  6.57744  17.8425  27.9213  36.9332  6.8607  
2.62  22.2573  6.94579  17.9111  27.9213  36.8351  6.8607  
2.63  22.5365  7.31316  17.9797  27.9213  36.737  6.8607  
2.64  22.8157  7.67955  18.0483  27.9213  36.6389  6.8607  
2.65  23.095  8.04496  18.1169  27.9213  36.5408  6.8607  
2.66  23.3742  8.40938  18.1855  27.9213  36.4427  6.8607  
2.67  23.6534  8.77283  18.2541  27.9213  36.3446  6.8607  
2.68  23.9326  9.1353  18.3227  27.9213  36.2465  6.8607  
2.69  24.2118  9.49678  18.3913  27.9213  36.1484  6.8607  
2.7  24.491  9.85728  18.4599  27.9213  36.0503  6.8607  
2.71  24.7702  10.2168  18.5285  27.9213  35.9522  6.8607  
2.72  25.0495  10.5753  18.5971  27.9213  35.8541  6.8607  
2.73  25.3287  10.9329  18.6658  27.9213  35.756  6.8607  
2.74  25.6079  11.2895  18.7344  27.9213  35.6579  6.8607  
2.75  25.8871  11.6451  18.803  27.9213  35.5598  6.8607  
2.76  26.1663  11.9997  18.8716  27.9213  35.4617  6.8607  
2.77  26.4455  12.3533  18.9402  27.9213  35.3636  6.8607  
2.78  26.7247  12.706  19.0088  27.9213  35.2655  6.8607  
2.79  27.0039  13.0577  19.0774  27.9213  35.1674  6.8607  
2.8  27.2832  13.4084  19.146  27.9213  35.0693  6.8607  
2.81  27.5624  13.7581  19.2146  27.9213  34.9712  6.8607  
2.82  27.8416  14.1068  19.2832  27.9213  34.8731  6.8607  
2.83  28.1208  14.4546  19.3518  27.9213  34.775  6.8607  
2.84  28.4  14.8013  19.4204  27.9213  34.6769  6.8607  
2.85  28.6792  15.1471  19.489  27.9213  34.5788  6.8607  
2.86  28.9584  15.4919  19.5576  27.9213  34.4807  6.8607  
2.87  29.2377  15.8358  19.6263  27.9213  34.3826  6.8607  
2.88  29.5169  16.1786  19.6949  27.9213  34.2845  6.8607  
2.89  29.7961  16.5205  19.7635  27.9213  34.1864  6.8607  
2.9  30.0556  16.8613  19.8321  25.948  34.0883  6.8607  
2.91  30.2879  17.2012  19.9007  23.233  33.9902  6.8607  
2.92  30.4871  17.5402  19.9693  19.9174  33.8921  6.8607  
2.93  30.6486  17.8781  20.0379  16.153  33.794  6.8607  
2.94  30.7696  18.2151  20.1065  12.0967  33.6959  6.8607  
2.95  30.8486  18.551  20.1751  7.90449  33.5978  6.8607  
2.96  30.8859  18.886  20.2437  3.72671  33.4997  6.8607  
2.97  30.8829  19.2201  20.3123  -0.296947  33.4016  6.8607  
2.98  30.8425  19.5531  20.3809  -4.04131  33.3035  6.8607  
2.99  30.7685  19.8851  20.4495  -7.399  33.2054  6.8607  
3  30.6657  20.2162  20.5181  -10.2828  33.1073  6.8607  
3.01  30.5394  20.5463  20.5868  -12.6274  33.0092  6.8607  
3.02  30.3955  20.8754  20.6554  -14.3899  32.9111  6.8607  
3.03  30.24  21.2036  20.724  -15.5498  32.813  6.8607  
3.04  30.0789  21.5307  20.7926  -16.1086  32.7149  6.8607  
3.05  29.918  21.8569  20.8612  -16.0875  32.6168  6.8607  
3.06  29.7628  22.1821  20.9298  -15.5261  32.5187  6.8607  
3.07  29.6075  22.5063  20.9984  -15.5261  32.4206  6.8607  
3.08  29.4523  22.8295  21.067  -15.5261  32.3225  6.8607  
3.09  29.297  23.1517  21.1356  -15.5261  32.2244  6.8607  
3.1  29.1417  23.473  21.2042  -15.5261  32.1263  6.8607  
3.11  28.9865  23.7933  21.2728  -15.5261  32.0282  6.8607  
3.12  28.8312  24.1126  21.3414  -15.5261  31.9301  6.8607  
3.13  28.676  24.4309  21.41  -15.5261  31.832  6.8607  
3.14  28.5207  24.7482  21.4786  -15.5261  31.7339  6.8607  
3.15  28.3654  25.0646  21.5472  -15.5261  31.6358  6.8607  
3.16  28.2102  25.38  21.6159  -15.5261  31.5377  6.8607  
3.17  28.0549  25.6944  21.6845  -15.5261  31.4396  6.8607  
3.18  27.8996  26.0078  21.7531  -15.5261  31.3415  6.8607  
3.19  27.7444  26.3202  21.8217  -15.5261  31.2434  6.8607  
3.2  27.5891  26.6317  21.8903  -15.5261  31.1453  6.8607  
3.21  27.4339  26.9422  21.9589  -15.5261  31.0472  6.8607  
3.22  27.2786  27.2516  22.0275  -15.5261  30.9491  6.8607  
3.23  27.1233  27.5602  22.0961  -15.5261  30.851  6.8607  
3.24  26.9681  27.8677  22.1647  -15.5261  30.7529  6.8607  
3.25  26.8128  28.1742  22.2333  -15.5261  30.6548  6.8607  
3.26  26.6576  28.4798  22.3019  -15.5261  30.5567  6.8607  
3.27  26.5023  28.7844  22.3705  -15.5261  30.4586  6.8607  
3.28  26.347  29.088  22.4391  -15.5261  30.3605  6.8607  
3.29  26.1918  29.3906  22.5077  -15.5261  30.2624  6.8607  
3.3  26.0365  29.6923  22.5764  -15.5261  30.1643  6.8607  
3.31  25.8812  29.9929  22.645  -15.5261  30.0662  6.8607  
3.32  25.726  30.253  22.7136  -15.5261  26.0098  6.8607  
3.33  25.5707  30.4531  22.7822  -15.5261  20.0041  6.8607  
3.34  25.4155  30.58  22.8508  -15.5261  12.6923  6.8607  
3.35  25.2602  30.6278  22.9194  -15.5261  4.78617  6.8607  
3.36  25.1049  30.5979  22.988  -15.5261  -2.99949  6.8607  
3.37  24.9497  30.4978  23.0566  -15.5261  -10.008  6.8607  
3.38  24.7944  30.3408  23.1252  -15.5261  -15.6929  6.8607  
3.39  24.6392  30.1443  23.1938  -15.5261  -19.6574  6.8607  
3.4  24.4839  29.9275  23.2624  -15.5261  -21.6782  6.8607  
3.41  24.3286  29.7104  23.331  -15.5261  -21.7128  6.8607  
3.42  24.1734  29.4922  23.3996  -15.5261  -21.8109  6.8607  
3.43  24.0181  29.2732  23.4682  -15.5261  -21.909  6.8607  
3.44  23.8629  29.0531  23.5369  -15.5261  -22.0071  6.8607  
3.45  23.7076  28.832  23.6055  -15.5261  -22.1052  6.8607  
3.46  23.5523  28.61  23.6741  -15.5261  -22.2033  6.8607  
3.47  23.3971  28.387  23.7427  -15.5261  -22.3014  6.8607  
3.48  23.2418  28.163  23.8113  -15.5261  -22.3995  6.8607  
3.49  23.0865  27.938  23.8799  -15.5261  -22.4976  6.8607  
3.5  22.9313  27.7121  23.9485  -15.5261  -22.5957  6.8607  
3.51  22.776  27.4851  24.0171  -15.5261  -22.6938  6.8607  
3.52  22.6208  27.2572  24.0857  -15.5261  -22.7919  6.8607  
3.53  22.4655  27.0283  24.1543  -15.5261  -22.89  6.8607  
3.54  22.3102  26.7984  24.2229  -15.5261  -22.9881  6.8607  
3.55  22.155  26.5676  24.2915  -15.5261  -23.0862  6.8607  
3.56  21.9997  26.3357  24.3601  -15.5261  -23.1843  6.8607  
3.57  21.8445  26.1029  24.4287  -15.5261  -23.2824  6.8607  
3.58  21.6892  25.8691  24.4973  -15.5261  -23.3805  6.8607  
3.59  21.5339  25.6343  24.566  -15.5261  -23.4786  6.8607  
3.6  21.3787  25.3985  24.6346  -15.5261  -23.5767  6.8607  
3.61  21.2234  25.1618  24.7032  -15.5261  -23.6748  6.8607  
3.62  21.0681  24.9241  24.7718  -15.5261  -23.7729  6.8607  
3.63  20.9129  24.6853  24.8404  -15.5261  -23.871  6.8607  
3.64  20.7576  24.4457  24.909  -15.5261  -23.9691  6.8607  
3.65  20.6024  24.205  24.9776  -15.5261  -24.0672  6.8607  
3.66  20.4471  23.9633  25.0462  -15.5261  -24.1653  6.8607  
3.67  20.2918  23.7207  25.1148  -15.5261  -24.2634  6.8607  
3.68  20.1366  23.4771  25.1834  -15.5261  -24.3615  6.8607  
3.69  19.9813  23.2325  25.252  -15.5261  -24.4596  6.8607  
3.7  19.8261  22.9869  25.3206  -15.5261  -24.5577  6.8607  
3.71  19.6708  22.7403  25.3892  -15.5261  -24.6558  6.8607  
3.72  19.5155  22.4928  25.4578  -15.5261  -24.7539  6.8607  
3.73  19.3603  22.2443  25.5265  -15.5261  -24.852  6.8607  
3.74  19.205  21.9948  25.5951  -15.5261  -24.9501  6.8607  
3.75  19.0498  21.7443  25.6637  -15.5261  -25.0482  6.8607  
3.76  18.8945  21.4928  25.7323  -15.5261  -25.1463  6.8607  
3.77  18.7392  21.2404  25.8009  -15.5261  -25.2444  6.8607  
3.78  18.584  20.987  25.8695  -15.5261  -25.3425  6.8607  
3.79  18.4287  20.7326  25.9381  -15.5261  -25.4406  6.8607  
3.8  18.2734  20.4772  26.0067  -15.5261  -25.5387  6.8607  
3.81  18.1182  20.2208  26.0753  -15.5261  -25.6368  6.8607  
3.82  17.9629  19.9635  26.1439  -15.5261  -25.7349  6.8607  
3.83  17.8077  19.7051  26.2125  -15.5261  -25.833  6.8607  
3.84  17.6524  19.4458  26.2811  -15.5261  -25.9311  6.8607  
3.85  17.4971  19.1855  26.3497  -15.5261  -26.0292  6.8607  
3.86  17.3419  18.9243  26.4183  -15.5261  -26.1273  6.8607  
3.87  17.1866  18.662  26.487  -15.5261  -26.2254  6.8607  
3.88  17.0314  18.3988  26.5556  -15.5261  -26.3235  6.8607  
3.89  16.8761  18.1345  26.6242  -15.5261  -26.4216  6.8607  
3.9  16.7208  17.8693  26.6928  -15.5261  -26.5197  6.8607  
3.91  16.5656  17.6032  26.7614  -15.5261  -26.6178  6.8607  
3.92  16.4103  17.336  26.83  -15.5261  -26.7159  6.8607  
3.93  16.255  17.0679  26.8986  -15.5261  -26.814  6.8607  
3.94  16.0998  16.7987  26.9672  -15.5261  -26.9121  6.8607  
3.95  15.9445  16.5286  27.0358  -15.5261  -27.0102  6.8607  
3.96  15.7893  16.2576  27.1044  -15.5261  -27.1083  6.8607  
3.97  15.634  15.9855  27.173  -15.5261  -27.2064  6.8607  
3.98  15.4787  15.7125  27.2416  -15.5261  -27.3045  6.8607  
3.99  15.3235  15.4384  27.3102  -15.5261  -27.4026  6.8607  
4  15.1682  15.1634  27.3788  -15.5261  -27.5007  6.8607  
4.01  15.013  14.8874  27.4474  -15.5261  -27.5988  6.8607  
4.02  14.8577  14.6105  27.5161  -15.5261  -27.6969  6.8607  
4.03  14.7024  14.3325  27.5847  -15.5261  -27.795  6.8607  
4.04  14.5472  14.0536  27.6533  -15.5261  -27.8931  6.8607  
4.05  14.3919  13.7737  27.7219  -15.5261  -27.9912  6.8607  
4.06  14.2367  13.4928  27.7905  -15.5261  -28.0893  6.8607  
4.07  14.0814  13.2109  27.8591  -15.5261  -28.1874  6.8607  
4.08  13.9261  12.928  27.9277  -15.5261  -28.2855  6.8607  
4.09  13.7709  12.6442  27.9963  -15.5261  -28.3836  6.8607  
4.1  13.6156  12.3594  28.0649  -15.5261  -28.4817  6.8607  
4.11  13.4603  12.0736  28.1335  -15.5261  -28.5798  6.8607  
4.12  13.3051  11.7868  28.2021  -15.5261  -28.6779  6.8607  
4.13  13.1498  11.4991  28.2707  -15.5261  -28.776  6.8607  
4.14  12.9946  11.2103  28.3393  -15.5261  -28.8741  6.8607  
4.15  12.8393  10.9206  28.4079  -15.5261  -28.9722  6.8607  
4.16  12.684  10.6299  28.4766  -15.5261  -29.0703  6.8607  
4.17  12.5288  10.3382  28.5452  -15.5261  -29.1684  6.8607  
4.18  12.3735  10.0455  28.6138  -15.5261  -29.2665  6.8607  
4.19  12.2183  9.75189  28.6824  -15.5261  -29.3646  6.8607  
4.2  12.063  9.45726  28.751  -15.5261  -29.4627  6.8607  
4.21  11.9077  9.16166  28.8196  -15.5261  -29.5608  6.8607  
4.22  11.7525  8.86507  28.8882  -15.5261  -29.6589  6.8607  
4.23  11.5972  8.5675  28.9568  -15.5261  -29.757  6.8607  
4.24  11.4419  8.26895  29.0254  -15.5261  -29.8551  6.8607  
4.25  11.2867  7.96941  29.094  -15.5261  -29.9532  6.8607  
4.26  11.1314  7.6689  29.1626  -15.5261  -30.0513  6.8607  
4.27  10.9762  7.36741  29.2312  -15.5261  -30.1494  6.8607  
4.28  10.8209  7.06493  29.2998  -15.5261  -30.2475  6.8607  
4.29  10.6656  6.76147  29.3684  -15.5261  -30.3456  6.8607  
4.3  10.5104  6.45704  29.4371  -15.5261  -30.4437  6.8607  
4.31  10.3551  6.15162  29.5057  -15.5261  -30.5418  6.8607  
4.32  10.1999  5.84522  29.5743  -15.5261  -30.6399  6.8607  
4.33  10.0446  5.53784  29.6429  -15.5261  -30.738  6.8607  
4.34  9.88934  5.22948  29.7115  -15.5261  -30.8361  6.8607  
4.35  9.73407  4.92014  29.7801  -15.5261  -30.9342  6.8607  
4.36  9.57881  4.60981  29.8482  -15.5261  -31.0323  6.8099  
4.37  9.42355  4.29851  29.9135  -15.5261  -31.1304  6.52979  
4.38  9.26829  3.98622  29.9738  -15.5261  -31.2285  6.02981  
4.39  9.11303  3.67296  30.0271  -15.5261  -31.3266  5.32679  
4.4  8.95777  3.35871  30.0715  -15.5261  -31.4247  4.44441  
4.41  8.80251  3.04348  30.1056  -15.5261  -31.5228  3.41237  
4.42  8.64725  2.72727  30.1283  -15.5261  -31.6209  2.26543  
4.43  8.49198  2.41008  30.1387  -15.5261  -31.719  1.04221  
4.44  8.33672  2.09191  30.1365  -15.5261  -31.8171  -0.216102  
4.45  8.18146  1.77276  30.1219  -15.5261  -31.9152  -1.46714  
4.46  8.0262  1.45262  30.0952  -15.5261  -32.0133  -2.66878  
4.47  7.87094  1.13151  30.0574  -15.5261  -32.1114  -3.78055  
4.48  7.71568  0.809415  30.0097  -15.5261  -32.2095  -4.76502  
4.49  7.56042  0.486339  29.9538  -15.5261  -32.3076  -5.58904  
4.5  7.40516  0.162282  29.8916  -15.5261  -32.4057  -6.22487  
4.51  7.24989  -0.13486  29.8251  -15.5261  -29.7141  -6.65109  
4.52  7.09463  -0.381515  29.7565  -15.5261  -24.6656  -6.85336  
4.53  6.93937  -0.560004  29.688  -15.5261  -17.8489  -6.85336  
4.54  6.78411  -0.659649  29.6195  -15.5261  -9.96445  -6.85336  
4.55  6.62885  -0.677218  29.5509  -15.5261  -1.75689  -6.85336  
4.56  6.47359  -0.616704  29.4824  -15.5261  6.05137  -6.85336  
4.57  6.31833  -0.4885  29.4139  -15.5261  12.8204  -6.85336  
4.58  6.16306  -0.308084  29.3453  -15.5261  18.0417  -6.85336  
4.59  6.0078  -0.0943524  29.2768  -15.5261  21.3731  -6.85336  
4.6  5.85254  0.132214  29.2083  -15.5261  22.6567  -6.85336  
4.61  5.69728  0.351413  29.1397  -15.5261  21.9198  -6.85336  
4.62  5.54202  0.56963  29.0712  -15.5261  21.8217  -6.85336  
4.63  5.38676  0.786867  29.0027  -15.5261  21.7236  -6.85336  
4.64  5.2315  1.00312  28.9341  -15.5261  21.6255  -6.85336  
4.65  5.07624  1.2184  28.8656  -15.5261  21.5274  -6.85336  
4.66  4.92097  1.43269  28.7971  -15.5261  21.4293  -6.85336  
4.67  4.76571  1.646  28.7285  -15.5261  21.3312  -6.85336  
4.68  4.61045  1.85833  28.66  -15.5261  21.2331  -6.85336  
4.69  4.45519  2.06968  28.5915  -15.5261  21.135  -6.85336  
4.7  4.29993  2.28005  28.5229  -15.5261  21.0369  -6.85336  
4.71  4.14467  2.48944  28.4544  -15.5261  20.9388  -6.85336  
4.72  3.98941  2.69785  28.3859  -15.5261  20.8407  -6.85336  
4.73  3.83415  2.90528  28.3173  -15.5261  20.7426  -6.85336  
4.74  3.67888  3.11172  28.2488  -15.5261  20.6445  -6.85336  
4.75  3.52362  3.31719  28.1803  -15.5261  20.5464  -6.85336  
4.76  3.36836  3.52167  28.1117  -15.5261  20.4483  -6.85336  
4.77  3.2131  3.72517  28.0432  -15.5261  20.3502  -6.85336  
4.78  3.05784  3.92769  27.9747  -15.5261  20.2521  -6.85336  
4.79  2.90258  4.12923  27.9061  -15.5261  20.154  -6.85336  
4.8  2.74732  4.32979  27.8376  -15.5261  20.0559  -6.85336  
4.81  2.59206  4.52937  27.7691  -15.5261  19.9578  -6.85336  
4.82  2.43679  4.72797  27.7005  -15.5261  19.8597  -6.85336  
4.83  2.28153  4.92558  27.632  -15.5261  19.7616  -6.85336  
4.84  2.12627  5.12222  27.5635  -15.5261  19.6635  -6.85336  
4.85  1.97101  5.31787  27.4949  -15.5261  19.5654  -6.85336  
4.86  1.81575  5.51255  27.4264  -15.5261  19.4673  -6.85336  
4.87  1.66049  5.70624  27.3579  -15.5261  19.3692  -6.85336  
4.88  1.50523  5.89895  27.2893  -15.5261  19.2711  -6.85336  
4.89  1.34996  6.09068  27.2208  -15.5261  19.173  -6.85336  
4.9  1.1947  6.28143  27.1523  -15.5261  19.0749  -6.85336  
4.91  1.03944  6.4712  27.0837  -15.5261  18.9768  -6.85336  
4.92  0.884181  6.65999  27.0152  -15.5261  18.8787  -6.85336  
4.93  0.72892  6.84779  26.9467  -15.5261  18.7806  -6.85336  
4.94  0.573659  7.03462  26.8781  -15.5261  18.6825  -6.85336  
4.95  0.418397  7.22046  26.8096  -15.5261  18.5844  -6.85336  
4.96  0.263136  7.40533  26.7411  -15.5261  18.4863  -6.85336  
4.97  0.107875  7.58921  26.6725  -15.5261  18.3882  -6.85336  
4.98  -0.0365323  7.77211  26.604  -14.4407  18.2901  -6.85336  
4.99  -0.157755  7.95403  26.5355  -12.1223  18.192  -6.85336  
5  -0.245443  8.13497  26.4669  -8.76882  18.0939  -6.85336  
5.01  -0.29211  8.31493  26.3984  -4.66666  17.9958  -6.85336  
5.02  -0.29377  8.49391  26.3299  -0.166045  17.8977  -6.85336  
5.03  -0.250283  8.6719  26.2613  4.34875  17.7996  -6.85336  
5.04  -0.165361  8.84892  26.1928  8.49223  17.7015  -6.85336  
5.05  -0.0462543  9.02495  26.1243  11.9106  17.6034  -6.85336  
5.06  0.0968662  9.20001  26.0557  14.3121  17.5053  -6.85336  
5.07  0.251781  9.37408  25.9872  15.4915  17.4072  -6.85336  
5.08  0.406696  9.54717  25.9187  15.4915  17.3091  -6.85336  
5.09  0.561611  9.71928  25.8501  15.4915  17.211  -6.85336  
5.1  0.716525  9.89041  25.7816  15.4915  17.1129  -6.85336  
5.11  0.87144  10.0606  25.7131  15.4915  17.0148  -6.85336  
5.12  1.02635  10.2297  25.6445  15.4915  16.9167  -6.85336  
5.13  1.18127  10.3979  25.576  15.4915  16.8186  -6.85336  
5.14  1.33618  10.5651  25.5075  15.4915  16.7205  -6.85336  
5.15  1.4911  10.7313  25.4389  15.4915  16.6224  -6.85336  
5.16  1.64601  10.8966  25.3704  15.4915  16.5243  -6.85336  
5.17  1.80093  11.0608  25.3019  15.4915  16.4262  -6.85336  
5.18  1.95584  11.2241  25.2333  15.4915  16.3281  -6.85336  
5.19  2.11076  11.3864  25.1648  15.4915  16.23  -6.85336  
5.2  2.26567  11.5477  25.0963  15.4915  16.1319  -6.85336  
5.21  2.42059  11.7081  25.0277  15.4915  16.0338  -6.85336  
5.22  2.5755  11.8674  24.9592  15.4915  15.9357  -6.85336  
5.23  2.73042  12.0258  24.8907  15.4915  15.8376  -6.85336  
5.24  2.88533  12.1832  24.8221  15.4915  15.7395  -6.85336  
5.25  3.04025  12.3396  24.7536  15.4915  15.6414  -6.85336  
5.26  3.19516  12.4951  24.6851  15.4915  15.5433  -6.85336  
5.27  3.35008  12.6495  24.6165  15.4915  15.4452  -6.85336  
5.28  3.50499  12.803  24.548  15.4915  15.3471  -6.85336  
5.29  3.65991  12.9555  24.4794  15.4915  15.249  -6.85336  
5.3  3.81482  13.107  24.4109  15.4915  15.1509  -6.85336  
5.31  3.96974  13.2575  24.3424  15.4915  15.0528  -6.85336  
5.32  4.12465  13.4071  24.2738  15.4915  14.9547  -6.85336  
5.33  4.27957  13.5556  24.2053  15.4915  14.8566  -6.85336  
5.34  4.43448  13.7032  24.1368  15.4915  14.7585  -6.85336  
5.35  4.58939  13.8498  24.0682  15.4915  14.6604  -6.85336  
5.36  4.74431  13.9954  23.9997  15.4915  14.5623  -6.85336  
5.37  4.89922  14.1401  23.9312  15.4915  14.4642  -6.85336  
5.38  5.05414  14.2837  23.8626  15.4915  14.3661  -6.85336  
5.39  5.20905  14.4264  23.7941  15.4915  14.268  -6.85336  
5.4  5.36397  14.5681  23.7256  15.4915  14.1699  -6.85336  
5.41  5.51888  14.7088  23.657  15.4915  14.0718  -6.85336  
5.42  5.6738  14.8486  23.5885  15.4915  13.9737  -6.85336  
5.43  5.82871  14.9873  23.52  15.4915  13.8756  -6.85336  
5.44  5.98363  15.1251  23.4514  15.4915  13.7775  -6.85336  
5.45  6.13854  15.2619  23.3829  15.4915  13.6794  -6.85336  
5.46  6.29346  15.3977  23.3144  15.4915  13.5813  -6.85336  
5.47  6.44837  15.5326  23.2458  15.4915  13.4832  -6.85336  
5.48  6.60329  15.6664  23.1773  15.4915  13.3851  -6.85336  
5.49  6.7582  15.7993  23.1088  15.4915  13.287  -6.85336  
5.5  6.91312  15.9312  23.0402  15.4915  13.1889  -6.85336  
5.51  7.06803  16.0621  22.9717  15.4915  13.0908  -6.85336  
5.52  7.22295  16.192  22.9032  15.4915  12.9927  -6.85336  
5.53  7.37786  16.3209  22.8346  15.4915  12.8946  -6.85336  
5.54  7.53278  16.4489  22.7661  15.4915  12.7965  -6.85336  
5.55  7.68769  16.5759  22.6976  15.4915  12.6984  -6.85336  
5.56  7.84261  16.7019  22.629  15.4915  12.6003  -6.85336  
5.57  7.99752  16.8269  22.5605  15.4915  12.5022  -6.85336  
5.58  8.15243  16.951  22.492  15.4915  12.4041  -6.85336  
5.59  8.30735  17.074  22.4234  15.4915  12.306  -6.85336  
5.6  8.46226  17.1961  22.3549  15.4915  12.2079  -6.85336  
5.61  8.61718  17.3172  22.2864  15.4915  12.1098  -6.85336  
5.62  8.77209  17.4373  22.2178  15.4915  12.0117  -6.85336  
5.63  8.92701  17.5565  22.1493  15.4915  11.9136  -6.85336  
5.64  9.08192  17.6746  22.0808  15.4915  11.8155  -6.85336  
5.65  9.23684  17.7918  22.0122  15.4915  11.7174  -6.85336  
5.66  9.39175  17.908  21.9437  15.4915  11.6193  -6.85336  
5.67  9.54667  18.0232  21.8752  15.4915  11.5212  -6.85336  
5.68  9.70158  18.1374  21.8066  15.4915  11.4231  -6.85336  
5.69  9.8565  18.2507  21.7381  15.4915  11.325  -6.85336  
5.7  10.0114  18.3629  21.6696  15.4915  11.2269  -6.85336  
5.71  10.1663  18.4742  21.601  15.4915  11.1288  -6.85336  
5.72  10.3212  18.5845  21.5325  15.4915  11.0307  -6.85336  
5.73  10.4762  18.6939  21.464  15.4915  10.9326  -6.85336  
5.74  10.6311  18.8022  21.3954  15.4915  10.8345  -6.85336  
5.75  10.786  18.9096  21.3269  15.4915  10.7364  -6.85336  
5.76  10.9409  19.016  21.2584  15.4915  10.6383  -6.85336  
5.77  11.0958  19.1214  21.1898  15.4915  10.5402  -6.85336  
5.78  11.2507  19.2258  21.1213  15.4915  10.4421  -6.85336  
5.79  11.4056  19.3292  21.0528  15.4915  10.344  -6.85336  
5.8  11.5606  19.4317  20.9842  15.4915  10.2459  -6.85336  
5.81  11.7155  19.5332  20.9157  15.4915  10.1478  -6.85336  
5.82  11.8704  19.6337  20.8472  15.4915  10.0497  -6.85336  
5.83  12.0253  19.7332  20.7786  15.4915  9.95164  -6.85336  
5.84  12.1802  19.8317  20.7101  15.4915  9.85354  -6.85336  
5.85  12.3351  19.9293  20.6416  15.4915  9.75544  -6.85336  
5.86  12.49  20.0258  20.573  15.4915  9.65734  -6.85336  
5.87  12.645  20.1214  20.5045  15.4915  9.55924  -6.85336  
5.88  12.7999  20.216  20.436  15.4915  9.46114  -6.85336  
5.89  12.9548  20.3097  20.3674  15.4915  9.36304  -6.85336  
5.9  13.1097  20.4023  20.2989  15.4915  9.26494  -6.85336  
5.91  13.2646  20.494  20.2304  15.4915  9.16684  -6.85336  
5.92  13.4195  20.5847  20.1618  15.4915  9.06874  -6.85336  
5.93  13.5745  20.6744  20.0933  15.4915  8.97064  -6.85336  
5.94  13.7294  20.7631  20.0248  15.4915  8.87254  -6.85336  
5.95  13.8843  20.8509  19.9562  15.4915  8.77444  -6.85336  
5.96  14.0392  20.9376  19.8877  15.4915  8.67634  -6.85336  
5.97  14.1941  21.0234  19.8192  15.4915  8.57824  -6.85336  
5.98  14.349  21.1082  19.7506  15.4915  8.48014  -6.85336  
5.99  14.5039  21.192  19.6821  15.4915  8.38204  -6.85336  
6  14.6589  21.2749  19.6136  15.4915  8.28394  -6.85336  
6.01  14.8138  21.3567  19.545  15.4915  8.18584  -6.85336  
6.02  14.9687  21.4376  19.4765  15.4915  8.08774  -6.85336  
6.03  15.1236  21.5175  19.408  15.4915  7.98964  -6.85336  
6.04  15.2785  21.5964  19.3394  15.4915  7.89154  -6.85336  
6.05  15.4334  21.6743  19.2709  15.4915  7.79344  -6.85336  
6.06  15.5883  21.7513  19.2024  15.4915  7.69534  -6.85336  
6.07  15.7433  21.8273  19.1338  15.4915  7.59724  -6.85336  
6.08  15.8982  21.9023  19.0653  15.4915  7.49914  -6.85336  
6.09  16.0531  21.9763  18.9968  15.4915  7.40104  -6.85336  
6.1  16.208  22.0493  18.9282  15.4915  7.30294  -6.85336  
6.11  16.3629  22.1214  18.8597  15.4915  7.20484  -6.85336  
6.12  16.5178  22.1924  18.7912  15.4915  7.10674  -6.85336  
6.13  16.6727  22.2625  18.7226  15.4915  7.00864  -6.85336  
6.14  16.8277  22.3316  18.6541  15.4915  6.91054  -6.85336  
6.15  16.9826  22.3997  18.5856  15.4915  6.81244  -6.85336  
6.16  17.1375  22.4669  18.517  15.4915  6.71434  -6.85336  
6.17  17.2924  22.533  18.4485  15.4915  6.61624  -6.85336  
6.18  17.4473  22.5982  18.38  15.4915  6.51814  -6.85336  
6.19  17.6022  22.6624  18.3114  15.4915  6.42004  -6.85336  
6.2  17.7572  22.7256  18.2429  15.4915  6.32194  -6.85336  
6.21  17.9121  22.7879  18.1744  15.4915  6.22384  -6.85336  
6.22  18.067  22.8491  18.1058  15.4915  6.12574  -6.85336  
6.23  18.2219  22.9094  18.0373  15.4915  6.02764  -6.85336  
6.24  18.3768  22.9687  17.9688  15.4915  5.92954  -6.85336  
6.25  18.5317  23.027  17.9002  15.4915  5.83144  -6.85336  
6.26  18.6866  23.0844  17.8317  15.4915  5.73334  -6.85336  
6.27  18.8416  23.1407  17.7632  15.4915  5.63524  -6.85336  
6.28  18.9965  23.1961  17.6946  15.4915  5.53714  -6.85336  
6.29  19.1514  23.2505  17.6261  15.4915  5.43904  -6.85336  
6.3  19.3063  23.3039  17.5576  15.4915  5.34094  -6.85336  
6.31  19.4612  23.3563  17.489  15.4915  5.24284  -6.85336  
6.32  19.6161  23.4078  17.4205  15.4915  5.14474  -6.85336  
6.33  19.771  23.4582  17.352  15.4915  5.04664  -6.85336  
6.34  19.926  23.5077  17.2834  15.4915  4.94854  -6.85336  
6.35  20.0809  23.5562  17.2149  15.4915  4.85044  -6.85336  
6.36  20.2358  23.6037  17.1464  15.4915  4.75234  -6.85336  
6.37  20.3907  23.6503  17.0778  15.4915  4.65424  -6.85336  
6.38  20.5456  23.6958  17.0093  15.4915  4.55614  -6.85336  
6.39  20.7005  23.7404  16.9408  15.4915  4.45804  -6.85336  
6.4  20.8554  23.784  16.8722  15.4915  4.35994  -6.85336  
6.41  21.0104  23.8266  16.8037  15.4915  4.26184  -6.85336  
6.42  21.1653  23.8683  16.7352  15.4915  4.16374  -6.85336  
6.43  21.3202  23.9089  16.6666  15.4915  4.06564  -6.85336  
6.44  21.4751  23.9486  16.5981  15.4915  3.96754  -6.85336  
6.45  21.63  23.9873  16.5296  15.4915  3.86944  -6.85336  
6.46  21.7849  24.025  16.461  15.4915  3.77134  -6.85336  
6.47  21.9399  24.0617  16.3925  15.4915  3.67324  -6.85336  
6.48  22.0948  24.0975  16.324  15.4915  3.57514  -6.85336  
6.49  22.2497  24.1323  16.2554  15.4915  3.47704  -6.85336  
6.5  22.4046  24.1661  16.1869  15.4915  3.37894  -6.85336  
6.51  22.5595  24.1989  16.1184  15.4915  3.28084  -6.85336  
6.52  22.7144  24.2307  16.0498  15.4915  3.18274  -6.85336  
6.53  22.8693  24.2615  15.9813  15.4915  3.08464  -6.85336  
6.54  23.0243  24.2914  15.9128  15.4915  2.98654  -6.85336  
6.55  23.1792  24.3203  15.8442  15.4915  2.88844  -6.85336  
6.56  23.3341  24.3482  15.7757  15.4915  2.79034  -6.85336  
6.57  23.489  24.3751  15.7072  15.4915  2.69224  -6.85336  
6.58  23.6439  24.4011  15.6386  15.4915  2.59414  -6.85336  
6.59  23.7988  24.426  15.5701  15.4915  2.49604  -6.85336  
6.6  23.9537  24.45  15.5016  15.4915  2.39794  -6.85336  
6.61  24.1087  24.473  15.433  15.4915  2.29984  -6.85336  
6.62  24.2636  24.495  15.3645  15.4915  2.20174  -6.85336  
6.63  24.4185  24.5161  15.296  15.4915  2.10364  -6.85336  
6.64  24.5734  24.5361  15.2274  15.4915  2.00554  -6.85336  
6.65  24.7283  24.5552  15.1589  15.4915  1.90744  -6.85336  
6.66  24.8832  24.5733  15.0904  15.4915  1.80934  -6.85336  
6.67  25.0381  24.5904  15.0218  15.4915  1.71124  -6.85336  
6.68  25.1931  24.6065  14.9533  15.4915  1.61314  -6.85336  
6.69  25.348  24.6217  14.8847  15.4915  1.51504  -6.85336  
6.7  25.5029  24.6358  14.8162  15.4915  1.41694  -6.85336  
6.71  25.6578  24.649  14.7477  15.4915  1.31884  -6.85336  
6.72  25.8127  24.6612  14.6791  15.4915  1.22074  -6.85336  
6.73  25.9676  24.6725  14.6106  15.4915  1.12264  -6.85336  
6.74  26.1225  24.6827  14.5421  15.4915  1.02454  -6.85336  
6.75  26.2775  24.692  14.4735  15.4915  0.926442  -6.85336  
6.76  26.4324  24.7003  14.405  15.4915  0.828342  -6.85336  
6.77  26.5873  24.7076  14.3365  15.4915  0.730242  -6.85336  
6.78  26.7422  24.7139  14.2679  15.4915  0.632142  -6.85336  
6.79  26.8971  24.7192  14.1994  15.4915  0.534042  -6.85336  
6.8  27.052  24.7236  14.1309  15.4915  0.435942  -6.85336  
6.81  27.207  24.727  14.0623  15.4915  0.337842  -6.85336  
6.82  27.3619  24.7294  13.9938  15.4915  0.239742  -6.85336  
6.83  27.5168  24.7308  13.9253  15.4915  0.141642  -6.85336  
6.84  27.6717  24.7312  13.8567  15.4915  0.0435419  -6.85336  
6.85  27.8266  24.7307  13.7882  15.4915  -0.0545581  -6.85336  
6.86  27.9815  24.7291  13.7197  15.4915  -0.152658  -6.85336  
6.87  28.1364  24.7266  13.6511  15.4915  -0.250758  -6.85336  
6.88  28.2914  24.7231  13.5826  15.4915  -0.348858  -6.85336  
6.89  28.4463  24.7187  13.5141  15.4915  -0.446958  -6.85336  
6.9  28.6012  24.7132  13.4455  15.4915  -0.545058  -6.85336  
6.91  28.7561  24.7068  13.377  15.4915  -0.643158  -6.85336  
6.92  28.911  24.6994  13.3085  15.4915  -0.741258  -6.85336  
6.93  29.0659  24.691  13.2399  15.4915  -0.839358  -6.85336  
6.94  29.2208  24.6816  13.1714  15.4915  -0.937458  -6.85336  
6.95  29.3758  24.6712  13.1029  15.4915  -1.03556  -6.85336  
6.96  29.5307  24.6599  13.0343  15.4915  -1.13366  -6.85336  
6.97  29.6856  24.6476  12.9658  15.4915  -1.23176  -6.85336  
6.98  29.8405  24.6343  12.8973  15.4915  -1.32986  -6.85336  
6.99  29.9825  24.62  12.8287  14.2004  -1.42796  -6.85336  
7  30.1077  24.6048  12.7602  12.5176  -1.52606  -6.85336  
7.01  30.2129  24.5885  12.6917  10.526  -1.62416  -6.85336  
7.02  30.2961  24.5713  12.6231  8.31317  -1.72226  -6.85336  
7.03  30.3558  24.5531  12.5546  5.96854  -1.82036  -6.85336  
7.04  30.3916  24.5339  12.4861  3.57985  -1.91846  -6.85336  
7.05  30.4039  24.5137  12.4175  1.23049  -2.01656  -6.85336  
7.06  30.3938  24.4926  12.349  -1.00307  -2.11466  -6.85336  
7.07  30.3633  24.4705  12.2805  -3.05336  -2.21276  -6.85336  
7.08  30.3147  24.4474  12.2119  -4.86363  -2.31086  -6.85336  
7.09  30.2508  24.4233  12.1434  -6.38897  -2.40896  -6.85336  
7.1  30.1748  24.3982  12.0749  -7.59709  -2.50706  -6.85336  
7.11  30.0901  24.3721  12.0063  -8.46854  -2.60516  -6.85336  
7.12  30.0002  24.3451  11.9378  -8.99651  -2.70326  -6.85336  
7.13  29.9083  24.3171  11.8693  -9.18622  -2.80136  -6.85336  
7.14  29.8178  24.2881  11.8007  -9.05391  -2.89946  -6.85336  
7.15  29.7315  24.2581  11.7322  -8.62559  -2.99756  -6.85336  
7.16  29.6452  24.2272  11.6637  -8.62559  -3.09566  -6.85336  
7.17  29.559  24.1952  11.5951  -8.62559  -3.19376  -6.85336  
7.18  29.4727  24.1623  11.5266  -8.62559  -3.29186  -6.85336  
7.19  29.3865  24.1284  11.4581  -8.62559  -3.38996  -6.85336  
7.2  29.3002  24.0935  11.3895  -8.62559  -3.48806  -6.85336  
7.21  29.214  24.0577  11.321  -8.62559  -3.58616  -6.85336  
7.22  29.1277  24.0208  11.2525  -8.62559  -3.68426  -6.85336  
7.23  29.0414  23.983  11.1839  -8.62559  -3.78236  -6.85336  
7.24  28.9552  23.9442  11.1154  -8.62559  -3.88046  -6.85336  
7.25  28.8689  23.9044  11.0469  -8.62559  -3.97856  -6.85336  
7.26  28.7827  23.8636  10.9783  -8.62559  -4.07666  -6.85336  
7.27  28.6964  23.8219  10.9098  -8.62559  -4.17476  -6.85336  
7.28  28.6102  23.7792  10.8413  -8.62559  -4.27286  -6.85336  
7.29  28.5239  23.7355  10.7727  -8.62559  -4.37096  -6.85336  
7.3  28.4377  23.6908  10.7042  -8.62559  -4.46906  -6.85336  
7.31  28.3514  23.6451  10.6357  -8.62559  -4.56716  -6.85336  
7.32  28.2651  23.5984  10.5671  -8.62559  -4.66526  -6.85336  
7.33  28.1789  23.5508  10.4986  -8.62559  -4.76336  -6.85336  
7.34  28.0926  23.5022  10.4301  -8.62559  -4.86146  -6.85336  
7.35  28.0064  23.4526  10.3615  -8.62559  -4.95956  -6.85336  
7.36  27.9201  23.402  10.293  -8.62559  -5.05766  -6.85336  
7.37  27.8339  23.3505  10.2245  -8.62559  -5.15576  -6.85336  
7.38  27.7476  23.2979  10.1559  -8.62559  -5.25386  -6.85336  
7.39  27.6614  23.2444  10.0874  -8.62559  -5.35196  -6.85336  
7.4  27.5751  23.1899  10.0189  -8.62559  -5.45006  -6.85336  
7.41  27.4888  23.1344  9.95033  -8.62559  -5.54816  -6.85336  
7.42  27.4026  23.078  9.8818  -8.62559  -5.64626  -6.85336  
7.43  27.3163  23.0205  9.81327  -8.62559  -5.74436  -6.85336  
7.44  27.2301  22.9621  9.74473  -8.62559  -5.84246  -6.85336  
7.45  27.1438  22.9027  9.6762  -8.62559  -5.94056  -6.85336  
7.46  27.0576  22.8423  9.60766  -8.62559  -6.03866  -6.85336  
7.47  26.9713  22.7809  9.53913  -8.62559  -6.13676  -6.85336  
7.48  26.8851  22.7186  9.4706  -8.62559  -6.23486  -6.85336  
7.49  26.7988  22.6553  9.40206  -8.62559  -6.33296  -6.85336  
7.5  26.7125  22.591  9.33353  -8.62559  -6.43106  -6.85336  
7.51  26.6263  22.5257  9.265  -8.62559  -6.52916  -6.85336  
7.52  26.54  22.4594  9.19646  -8.62559  -6.62726  -6.85336  
7.53  26.4538  22.3921  9.12793  -8.62559  -6.72536  -6.85336  
7.54  26.3675  22.3239  9.0594  -8.62559  -6.82346  -6.85336  
7.55  26.2813  22.2547  8.99086  -8.62559  -6.92156  -6.85336  
7.56  26.195  22.1845  8.92233  -8.62559  -7.01966  -6.85336  
7.57  26.1088  22.1133  8.8538  -8.62559  -7.11776  -6.85336  
7.58  26.0225  22.0412  8.78526  -8.62559  -7.21586  -6.85336  
7.59  25.9362  21.968  8.71673  -8.62559  -7.31396  -6.85336  
7.6  25.85  21.8939  8.64819  -8.62559  -7.41206  -6.85336  
7.61  25.7637  21.8188  8.57966  -8.62559  -7.51016  -6.85336  
7.62  25.6775  21.7427  8.51113  -8.62559  -7.60826  -6.85336  
7.63  25.5912  21.6656  8.44259  -8.62559  -7.70636  -6.85336  
7.64  25.505  21.5876  8.37406  -8.62559  -7.80446  -6.85336  
7.65  25.4187  21.5086  8.30553  -8.62559  -7.90256  -6.85336  
7.66  25.3324  21.4286  8.23699  -8.62559  -8.00066  -6.85336  
7.67  25.2462  21.3476  8.16846  -8.62559  -8.09876  -6.85336  
7.68  25.1599  21.2656  8.09993  -8.62559  -8.19686  -6.85336  
7.69  25.0737  21.1827  8.03139  -8.62559  -8.29496  -6.85336  
7.7  24.9874  21.0987  7.96286  -8.62559  -8.39306  -6.85336  
7.71  24.9012  21.0138  7.89433  -8.62559  -8.49116  -6.85336  
7.72  24.8149  20.9279  7.82579  -8.62559  -8.58926  -6.85336  
7.73  24.7287  20.8411  7.75726  -8.62559  -8.68736  -6.85336  
7.74  24.6424  20.7532  7.68872  -8.62559  -8.78546  -6.85336  
7.75  24.5561  20.6644  7.62019  -8.62559  -8.88356  -6.85336  
7.76  24.4699  20.5745  7.55166  -8.62559  -8.98166  -6.85336  
7.77  24.3836  20.4837  7.48312  -8.62559  -9.07976  -6.85336  
7.78  24.2974  20.392  7.41459  -8.62559  -9.17786  -6.85336  
7.79  24.2111  20.2992  7.34606  -8.62559  -9.27596  -6.85336  
7.8  24.1249  20.2055  7.27752  -8.62559  -9.37406  -6.85336  
7.81  24.0386  20.1107  7.20899  -8.62559  -9.47216  -6.85336  
7.82  23.9524  20.015  7.14046  -8.62559  -9.57026  -6.85336  
7.83  23.8661  19.9184  7.07192  -8.62559  -9.66836  -6.85336  
7.84  23.7798  19.8207  7.00339  -8.62559  -9.76646  -6.85336  
7.85  23.6936  19.7221  6.93486  -8.62559  -9.86456  -6.85336  
7.86  23.6073  19.6224  6.86632  -8.62559  -9.96266  -6.85336  
7.87  23.5211  19.5218  6.79779  -8.62559  -10.0608  -6.85336  
7.88  23.4348  19.4202  6.72926  -8.62559  -10.1589  -6.85336  
7.89  23.3486  19.3177  6.66072  -8.62559  -10.257  -6.85336  
7.9  23.2623  19.2141  6.59219  -8.62559  -10.3551  -6.85336  
7.91  23.1761  19.1096  6.52365  -8.62559  -10.4532  -6.85336  
7.92  23.0898  19.0041  6.45512  -8.62559  -10.5513  -6.85336  
7.93  23.0035  18.8976  6.38659  -8.62559  -10.6494  -6.85336  
7.94  22.9173  18.7901  6.31805  -8.62559  -10.7475  -6.85336  
7.95  22.831  18.6816  6.24952  -8.62559  -10.8456  -6.85336  
7.96  22.7448  18.5722  6.18099  -8.62559  -10.9437  -6.85336  
7.97  22.6585  18.4618  6.11245  -8.62559  -11.0418  -6.85336  
7.98  22.5723  18.3504  6.04392  -8.62559  -11.1399  -6.85336  
7.99  22.486  18.238  5.97539  -8.62559  -11.238  -6.85336  
8  22.3997  18.1246  5.90685  -8.62559  -11.3361  -6.85336  
8.01  22.3135  18.0103  5.83832  -8.62559  -11.4342  -6.85336  
8.02  22.2272  17.895  5.76979  -8.62559  -11.5323  -6.85336  
8.03  22.141  17.7787  5.70125  -8.62559  -11.6304  -6.85336  
8.04  22.0547  17.6614  5.63272  -8.62559  -11.7285  -6.85336  
8.05  21.9685  17.5431  5.56418  -8.62559  -11.8266  -6.85336  
8.06  21.8822  17.4239  5.49565  -8.62559  -11.9247  -6.85336  
8.07  21.796  17.3037  5.42712  -8.62559  -12.0228  -6.85336  
8.08  21.7097  17.1824  5.35858  -8.62559  -12.1209  -6.85336  
8.09  21.6234  17.0603  5.29005  -8.62559  -12.219  -6.85336  
8.1  21.5372  16.9371  5.22152  -8.62559  -12.3171  -6.85336  
8.11  21.4509  16.8129  5.15298  -8.62559  -12.4152  -6.85336  
8.12  21.3647  16.6878  5.08445  -8.62559  -12.5133  -6.85336  
8.13  21.2784  16.5617  5.01592  -8.62559  -12.6114  -6.85336  
8.14  21.1922  16.4346  4.94738  -8.62559  -12.7095  -6.85336  
8.15  21.1059  16.3065  4.87885  -8.62559  -12.8076  -6.85336  
8.16  21.0197  16.1775  4.81032  -8.62559  -12.9057  -6.85336  
8.17  20.9334  16.0474  4.74178  -8.62559  -13.0038  -6.85336  
8.18  20.8471  15.9164  4.67325  -8.62559  -13.1019  -6.85336  
8.19  20.7609  15.7844  4.60471  -8.62559  -13.2  -6.85336  
8.2  20.6746  15.6514  4.53618  -8.62559  -13.2981  -6.85336  
8.21  20.5884  15.5175  4.46765  -8.62559  -13.3962  -6.85336  
8.22  20.5021  15.3825  4.39911  -8.62559  -13.4943  -6.85336  
8.23  20.4159  15.2466  4.33058  -8.62559  -13.5924  -6.85336  
8.24  20.3296  15.1097  4.26205  -8.62559  -13.6905  -6.85336  
8.25  20.2434  14.9718  4.19351  -8.62559  -13.7886  -6.85336  
8.26  20.1571  14.8329  4.12498  -8.62559  -13.8867  -6.85336  
8.27  20.0708  14.6931  4.05645  -8.62559  -13.9848  -6.85336  
8.28  19.9846  14.5523  3.98791  -8.62559  -14.0829  -6.85336  
8.29  19.8983  14.4105  3.91938  -8.62559  -14.181  -6.85336  
8.3  19.8121  14.2677  3.85085  -8.62559  -14.2791  -6.85336  
8.31  19.7258  14.1239  3.78231  -8.62559  -14.3772  -6.85336  
8.32  19.6396  13.9791  3.71378  -8.62559  -14.4753  -6.85336  
8.33  19.5533  13.8334  3.64524  -8.62559  -14.5734  -6.85336  
8.34  19.467  13.6867  3.57671  -8.62559  -14.6715  -6.85336  
8.35  19.3808  13.539  3.50818  -8.62559  -14.7696  -6.85336  
8.36  19.2945  13.3903  3.43964  -8.62559  -14.8677  -6.85336  
8.37  19.2083  13.2407  3.37111  -8.62559  -14.9658  -6.85336  
8.38  19.122  13.09  3.30258  -8.62559  -15.0639  -6.85336  
8.39  19.0358  12.9384  3.23404  -8.62559  -15.162  -6.85336  
8.4  18.9495  12.7858  3.16551  -8.62559  -15.2601  -6.85336  
8.41  18.8633  12.6322  3.09698  -8.62559  -15.3582  -6.85336  
8.42  18.777  12.4777  3.02844  -8.62559  -15.4563  -6.85336  
8.43  18.6907  12.3221  2.95991  -8.62559  -15.5544  -6.85336  
8.44  18.6045  12.1656  2.89138  -8.62559  -15.6525  -6.85336  
8.45  18.5182  12.0081  2.82284  -8.62559  -15.7506  -6.85336  
8.46  18.432  11.8496  2.75431  -8.62559  -15.8487  -6.85336  
8.47  18.3457  11.6901  2.68577  -8.62559  -15.9468  -6.85336  
8.48  18.2595  11.5297  2.61724  -8.62559  -16.0449  -6.85336  
8.49  18.1732  11.3683  2.54871  -8.62559  -16.143  -6.85336  
8.5  18.087  11.2058  2.48017  -8.62559  -16.2411  -6.85336  
8.51  18.0007  11.0425  2.41164  -8.62559  -16.3392  -6.85336  
8.52  17.9144  10.8781  2.34311  -8.62559  -16.4373  -6.85336  
8.53  17.8282  10.7127  2.27457  -8.62559  -16.5354  -6.85336  
8.54  17.7419  10.5464  2.20604  -8.62559  -16.6335  -6.85336  
8.55  17.6557  10.3791  2.13751  -8.62559  -16.7316  -6.85336  
8.56  17.5694  10.2108  2.06897  -8.62559  -16.8297  -6.85336  
8.57  17.4832  10.0415  2.00044  -8.62559  -16.9278  -6.85336  
8.58  17.3969  9.87124  1.93191  -8.62559  -17.0259  -6.85336  
8.59  17.3107  9.7  1.86337  -8.62559  -17.124  -6.85336  
8.6  17.2244  9.52778  1.79484  -8.62559  -17.2221  -6.85336  
8.61  17.1381  9.35458  1.7263  -8.62559  -17.3202  -6.85336  
8.62  17.0519  9.1804  1.65777  -8.62559  -17.4183  -6.85336  
8.63  16.9656  9.00523  1.58924  -8.62559  -17.5164  -6.85336  
8.64  16.8794  8.82909  1.5207  -8.62559  -17.6145  -6.85336  
8.65  16.7931  8.65196  1.45217  -8.62559  -17.7126  -6.85336  
8.66  16.7069  8.47386  1.38364  -8.62559  -17.8107  -6.85336  
8.67  16.6206  8.29477  1.3151  -8.62559  -17.9088  -6.85336  
8.68  16.5344  8.1147  1.24657  -8.62559  -18.0069  -6.85336  
8.69  16.4481  7.93365  1.17804  -8.62559  -18.105  -6.85336  
8.7  16.3618  7.75162  1.1095  -8.62559  -18.2031  -6.85336  
8.71  16.2756  7.56861  1.04097  -8.62559  -18.3012  -6.85336  
8.72  16.1893  7.38462  0.972435  -8.62559  -18.3993  -6.85336  
8.73  16.1031  7.19964  0.903901  -8.62559  -18.4974  -6.85336  
8.74  16.0168  7.01369  0.835368  -8.62559  -18.5955  -6.85336  
8.75  15.9306  6.82675  0.766834  -8.62559  -18.6936  -6.85336  
8.76  15.8443  6.63884  0.698301  -8.62559  -18.7917  -6.85336  
8.77  15.758  6.44994  0.629767  -8.62559  -18.8898  -6.85336  
8.78  15.6718  6.26006  0.561234  -8.62559  -18.9879  -6.85336  
8.79  15.5855  6.0692  0.4927  -8.62559  -19.086  -6.85336  
8.8  15.4993  5.87736  0.424167  -8.62559  -19.1841  -6.85336  
8.81  15.413  5.68454  0.355633  -8.62559  -19.2822  -6.85336  
8.82  15.3268  5.49074  0.287099  -8.62559  -19.3803  -6.85336  
8.83  15.2405  5.29595  0.218566  -8.62559  -19.4784  -6.85336  
8.84  15.1543  5.10019  0.151435  -8.62559  -19.5765  -6.71304  
8.85  15.068  4.90344  0.09144  -8.62559  -19.6746  -5.99954  
8.86  14.9817  4.70572  0.0437022  -8.62559  -19.7727  -4.77378  
8.87  14.8955  4.50701  0.0122979  -8.62559  -19.8708  -3.14043  
8.88  14.8092  4.30732  -9.14125e-05  -8.62559  -19.9689  -1.23893  
8.89  14.723  4.10665  0.00759203  -8.62559  -20.067  0.768344  
8.9  14.6367  3.905  0.0346922  -8.62559  -20.1651  2.71002  
8.91  14.5505  3.70237  0.0788952  -8.62559  -20.2632  4.4203  
8.92  14.4642  3.49876  0.136427  -8.62559  -20.3613  5.75317  
8.93  14.378  3.29416  0.202375  -8.62559  -20.4594  6.59482  
8.94  14.2917  3.08859  0.271109  -8.62559  -20.5575  6.87338  
8.95  14.2054  2.88203  0.339843  -8.62559  -20.6556  6.87338  
8.96  14.1192  2.6745  0.408576  -8.62559  -20.7537  6.87338  
8.97  14.0329  2.46598  0.47731  -8.62559  -20.8518  6.87338  
8.98  13.9467  2.25648  0.546044  -8.62559  -20.9499  6.87338  
8.99  13.8604  2.046  0.614778  -8.62559  -21.048  6.87338  
9  13.7742  1.83454  0.683511  -8.62559  -21.1461  6.87338  
9.01  13.6879  1.6221  0.752245  -8.62559  -21.2442  6.87338  
9.02  13.6017  1.40867  0.820979  -8.62559  -21.3423  6.87338  
9.03  13.5154  1.19427  0.889713  -8.62559  -21.4404  6.87338  
9.04  13.4291  0.978886  0.958446  -8.62559  -21.5385  6.87338  
9.05  13.3429  0.762521  1.02718  -8.62559  -21.6366  6.87338  
9.06  13.2566  0.545174  1.09591  -8.62559  -21.7347  6.87338  
9.07  13.1704  0.326847  1.16465  -8.62559  -21.8328  6.87338  
9.08  13.0841  0.107538  1.23338  -8.62559  -21.9309  6.87338  
9.09  12.9979  -0.0871907  1.30212  -8.62559  -19.4729  6.87338  
9.1  12.9116  -0.242358  1.37085  -8.62559  -15.5168  6.87338  
9.11  12.8253  -0.347364  1.43958  -8.62559  -10.5006  6.87338  
9.12  12.7391  -0.396599  1.50832  -8.62559  -4.92349  6.87338  
9.13  12.6528  -0.389592  1.57705  -8.62559  0.700693  6.87338  
9.14  12.5666  -0.330705  1.64578  -8.62559  5.88864  6.87338  
9.15  12.4803  -0.22844  1.71452  -8.62559  10.2266  6.87338  
9.16  12.3941  -0.0944293  1.78325  -8.62559  13.401  6.87338  
9.17  12.3078  0.0577587  1.85199  -8.62559  15.2188  6.87338  
9.18  12.2216  0.213914  1.92072  -8.62559  15.6155  6.87338  
9.19  12.1353  0.360437  1.98945  -8.62559  14.6523  6.87338  
9.2  12.049  0.505979  2.05819  -8.62559  14.5542  6.87338  
9.21  11.9628  0.65054  2.12692  -8.62559  14.4561  6.87338  
9.22  11.8765  0.794121  2.19565  -8.62559  14.358  6.87338  
9.23  11.7903  0.93672  2.26439  -8.62559  14.2599  6.87338  
9.24  11.704  1.07834  2.33312  -8.62559  14.1618  6.87338  
9.25  11.6178  1.21898  2.40186  -8.62559  14.0637  6.87338  
9.26  11.5315  1.35863  2.47059  -8.62559  13.9656  6.87338  
9.27  11.4453  1.49731  2.53932  -8.62559  13.8675  6.87338  
9.28  11.359  1.635  2.60806  -8.62559  13.7694  6.87338  
9.29  11.2727  1.77171  2.67679  -8.62559  13.6713  6.87338  
9.3  11.1865  1.90745  2.74552  -8.62559  13.5732  6.87338  
9.31  11.1002  2.0422  2.81426  -8.62559  13.4751  6.87338  
9.32  11.014  2.17597  2.88299  -8.62559  13.377  6.87338  
9.33  10.9277  2.30876  2.95173  -8.62559  13.2789  6.87338  
9.34  10.8415  2.44057  3.02046  -8.62559  13.1808  6.87338  
9.35  10.7552  2.57139  3.08919  -8.62559  13.0827  6.87338  
9.36  10.669  2.70124  3.15793  -8.62559  12.9846  6.87338  
9.37  10.5827  2.83011  3.22666  -8.62559  12.8865  6.87338  
9.38  10.4964  2.95799  3.29539  -8.62559  12.7884  6.87338  
9.39  10.4102  3.08489  3.36413  -8.62559  12.6903  6.87338  
9.4  10.3239  3.21082  3.43286  -8.62559  12.5922  6.87338  
9.41  10.2377  3.33576  3.5016  -8.62559  12.4941  6.87338  
9.42  10.1514  3.45972  3.57033  -8.62559  12.396  6.87338  
9.43  10.0652  3.5827  3.63906  -8.62559  12.2979  6.87338  
9.44  9.97891  3.70469  3.7078  -8.62559  12.1998  6.87338  
9.45  9.89265  3.82571  3.77653  -8.62559  12.1017  6.87338  
9.46  9.80639  3.94575  3.84526  -8.62559  12.0036  6.87338  
9.47  9.72014  4.0648  3.914  -8.62559  11.9055  6.87338  
9.48  9.63388  4.18288  3.98273  -8.62559  11.8074  6.87338  
9.49  9.54763  4.29997  4.05147  -8.62559  11.7093  6.87338  
9.5  9.46137  4.41608  4.1202  -8.62559  11.6112  6.87338  
9.51  9.37512  4.53121  4.18893  -8.62559  11.5131  6.87338  
9.52  9.28886  4.64536  4.25767  -8.62559  11.415  6.87338  
9.53  9.2026  4.75853  4.3264  -8.62559  11.3169  6.87338  
9.54  9.11635  4.87072  4.39513  -8.62559  11.2188  6.87338  
9.55  9.03009  4.98193  4.46387  -8.62559  11.1207  6.87338  
9.56  8.94384  5.09216  4.5326  -8.62559  11.0226  6.87338  
9.57  8.85758  5.2014  4.60134  -8.62559  10.9245  6.87338  
9.58  8.77132  5.30967  4.67007  -8.62559  10.8264  6.87338  
9.59  8.68507  5.41695  4.7388  -8.62559  10.7283  6.87338  
9.6  8.59881  5.52325  4.80754  -8.62559  10.6302  6.87338  
9.61  8.51256  5.62857  4.87627  -8.62559  10.5321  6.87338  
9.62  8.4263  5.73291  4.945  -8.62559  10.434  6.87338  
9.63  8.34005  5.83627  5.01374  -8.62559  10.3359  6.87338  
9.64  8.25379  5.93865  5.08247  -8.62559  10.2378  6.87338  
9.65  8.16753  6.04005  5.15121  -8.62559  10.1397  6.87338  
9.66  8.08128  6.14046  5.21994  -8.62559  10.0416  6.87338  
9.67  7.99502  6.2399  5.28867  -8.62559  9.94353  6.87338  
9.68  7.90877  6.33835  5.35741  -8.62559  9.84543  6.87338  
9.69  7.82251  6.43583  5.42614  -8.62559  9.74733  6.87338  
9.7  7.73625  6.53232  5.49487  -8.62559  9.64923  6.87338  
9.71  7.65  6.62783  5.56361  -8.62559  9.55113  6.87338  
9.72  7.56374  6.72236  5.63234  -8.62559  9.45303  6.87338  
9.73  7.47749  6.81591  5.70108  -8.62559  9.35493  6.87338  
9.74  7.39123  6.90848  5.76981  -8.62559  9.25683  6.87338  
9.75  7.30497  7.00007  5.83854  -8.62559  9.15873  6.87338  
9.76  7.21872  7.09067  5.90728  -8.62559  9.06063  6.87338  
9.77  7.13246  7.1803  5.97601  -8.62559  8.96253  6.87338  
9.78  7.04621  7.26894  6.04474  -8.62559  8.86443  6.87338  
9.79  6.95995  7.3566  6.11348  -8.62559  8.76633  6.87338  
9.8  6.8737  7.44329  6.18221  -8.62559  8.66823  6.87338  
9.81  6.78744  7.52899  6.25095  -8.62559  8.57013  6.87338  
9.82  6.70118  7.61371  6.31968  -8.62559  8.47203  6.87338  
9.83  6.61493  7.69745  6.38841  -8.62559  8.37393  6.87338  
9.84  6.52867  7.78021  6.45715  -8.62559  8.27583  6.87338  
9.85  6.44242  7.86198  6.52588  -8.62559  8.17773  6.87338  
9.86  6.35616  7.94278  6.59461  -8.62559  8.07963  6.87338  
9.87  6.2699  8.0226  6.66335  -8.62559  7.98153  6.87338  
9.88  6.18365  8.10143  6.73208  -8.62559  7.88343  6.87338  
9.89  6.09739  8.17928  6.80082  -8.62559  7.78533  6.87338  
9.9  6.01114  8.25615  6.86955  -8.62559  7.68723  6.87338  
9.91  5.92488  8.33205  6.93828  -8.62559  7.58913  6.87338  
9.92  5.83863  8.40696  7.00702  -8.62559  7.49103  6.87338  
9.93  5.75237  8.48089  7.07575  -8.62559  7.39293  6.87338  
9.94  5.66611  8.55383  7.14448  -8.62559  7.29483  6.87338  
9.95  5.57986  8.6258  7.21322  -8.62559  7.19673  6.87338  
9.96  5.4936  8.69679  7.28195  -8.62559  7.09863  6.87338  
9.97  5.40735  8.76679  7.35069  -8.62559  7.00053  6.87338  
9.98  5.32109  8.83582  7.41942  -8.62559  6.90243  6.87338  
9.99  5.23483  8.90386  7.48815  -8.62559  6.80433  6.87338  
