0    1
0.01    0.999975
0.02    0.9999
0.03    0.999775
0.04    0.9996
0.05    0.999375
0.06    0.9991
0.07    0.998775
0.08    0.998401
0.09    0.997976
0.1    0.997502
0.11    0.996977
0.12    0.996403
0.13    0.995779
0.14    0.995106
0.15    0.994383
0.16    0.99361
0.17    0.992788
0.18    0.991916
0.19    0.990995
0.2    0.990025
0.21    0.989005
0.22    0.987937
0.23    0.986819
0.24    0.985652
0.25    0.984436
0.26    0.983171
0.27    0.981858
0.28    0.980496
0.29    0.979085
0.3    0.977626
0.31    0.976119
0.32    0.974563
0.33    0.97296
0.34    0.971308
0.35    0.969609
0.36    0.967861
0.37    0.966067
0.38    0.964224
0.39    0.962335
0.4    0.960398
0.41    0.958414
0.42    0.956384
0.43    0.954306
0.44    0.952183
0.45    0.950012
0.46    0.947796
0.47    0.945533
0.48    0.943224
0.49    0.94087
0.5    0.93847
0.51    0.936024
0.52    0.933534
0.53    0.930998
0.54    0.928418
0.55    0.925793
0.56    0.923123
0.57    0.92041
0.58    0.917652
0.59    0.91485
0.6    0.912005
0.61    0.909116
0.62    0.906184
0.63    0.903209
0.64    0.900192
0.65    0.897132
0.66    0.894029
0.67    0.890885
0.68    0.887698
0.69    0.88447
0.7    0.881201
0.71    0.87789
0.72    0.874539
0.73    0.871147
0.74    0.867715
0.75    0.864242
0.76    0.86073
0.77    0.857178
0.78    0.853587
0.79    0.849956
0.8    0.846287
0.81    0.84258
0.82    0.838834
0.83    0.83505
0.84    0.831228
0.85    0.827369
0.86    0.823473
0.87    0.819541
0.88    0.815571
0.89    0.811565
0.9    0.807524
0.91    0.803447
0.92    0.799334
0.93    0.795186
0.94    0.791004
0.95    0.786787
0.96    0.782536
0.97    0.778251
0.98    0.773933
0.99    0.769582
1    0.765198
1.01    0.760781
1.02    0.756332
1.03    0.751851
1.04    0.747339
1.05    0.742796
1.06    0.738221
1.07    0.733616
1.08    0.728981
1.09    0.724316
1.1    0.719622
1.11    0.714898
1.12    0.710146
1.13    0.705365
1.14    0.700556
1.15    0.69572
1.16    0.690856
1.17    0.685965
1.18    0.681047
1.19    0.676103
1.2    0.671133
1.21    0.666137
1.22    0.661116
1.23    0.656071
1.24    0.651
1.25    0.645906
1.26    0.640788
1.27    0.635647
1.28    0.630482
1.29    0.625295
1.3    0.620086
1.31    0.614855
1.32    0.609602
1.33    0.604329
1.34    0.599034
1.35    0.59372
1.36    0.588385
1.37    0.583031
1.38    0.577658
1.39    0.572266
1.4    0.566855
1.41    0.561427
1.42    0.555981
1.43    0.550518
1.44    0.545038
1.45    0.539541
1.46    0.534029
1.47    0.528501
1.48    0.522958
1.49    0.5174
1.5    0.511828
1.51    0.506241
1.52    0.500642
1.53    0.495028
1.54    0.489403
1.55    0.483764
1.56    0.478114
1.57    0.472453
1.58    0.46678
1.59    0.461096
1.6    0.455402
1.61    0.449698
1.62    0.443985
1.63    0.438262
1.64    0.432531
1.65    0.426792
1.66    0.421045
1.67    0.41529
1.68    0.409528
1.69    0.40376
1.7    0.397985
1.71    0.392204
1.72    0.386418
1.73    0.380628
1.74    0.374832
1.75    0.369033
1.76    0.363229
1.77    0.357422
1.78    0.351613
1.79    0.345801
1.8    0.339986
1.81    0.33417
1.82    0.328353
1.83    0.322535
1.84    0.316717
1.85    0.310898
1.86    0.30508
1.87    0.299262
1.88    0.293446
1.89    0.287631
1.9    0.281819
1.91    0.276008
1.92    0.270201
1.93    0.264397
1.94    0.258596
1.95    0.252799
1.96    0.247007
1.97    0.24122
1.98    0.235438
1.99    0.229661
2    0.223891
2.01    0.218127
2.02    0.21237
2.03    0.20662
2.04    0.200878
2.05    0.195143
2.06    0.189418
2.07    0.183701
2.08    0.177993
2.09    0.172295
2.1    0.166607
2.11    0.160929
2.12    0.155262
2.13    0.149607
2.14    0.143963
2.15    0.13833
2.16    0.132711
2.17    0.127104
2.18    0.121509
2.19    0.115929
2.2    0.110362
2.21    0.10481
2.22    0.099272
2.23    0.0937491
2.24    0.0882416
2.25    0.0827499
2.26    0.0772742
2.27    0.071815
2.28    0.0663726
2.29    0.0609474
2.3    0.0555398
2.31    0.0501501
2.32    0.0447786
2.33    0.0394259
2.34    0.0340921
2.35    0.0287776
2.36    0.0234828
2.37    0.0182081
2.38    0.0129538
2.39    0.00772019
2.4    0.00250768
2.41    -0.0026834
2.42    -0.00785272
2.43    -0.0129999
2.44    -0.0181247
2.45    -0.0232267
2.46    -0.0283057
2.47    -0.0333611
2.48    -0.0383929
2.49    -0.0434005
2.5    -0.0483838
2.51    -0.0533423
2.52    -0.0582758
2.53    -0.0631839
2.54    -0.0680664
2.55    -0.0729229
2.56    -0.0777531
2.57    -0.0825567
2.58    -0.0873334
2.59    -0.0920829
2.6    -0.096805
2.61    -0.101499
2.62    -0.106165
2.63    -0.110803
2.64    -0.115412
2.65    -0.119992
2.66    -0.124543
2.67    -0.129065
2.68    -0.133557
2.69    -0.138018
2.7    -0.142449
2.71    -0.14685
2.72    -0.15122
2.73    -0.155559
2.74    -0.159866
2.75    -0.164141
2.76    -0.168385
2.77    -0.172597
2.78    -0.176776
2.79    -0.180922
2.8    -0.185036
2.81    -0.189117
2.82    -0.193164
2.83    -0.197177
2.84    -0.201157
2.85    -0.205102
2.86    -0.209014
2.87    -0.21289
2.88    -0.216733
2.89    -0.22054
2.9    -0.224312
2.91    -0.228048
2.92    -0.231749
2.93    -0.235414
2.94    -0.239043
2.95    -0.242636
2.96    -0.246193
2.97    -0.249713
2.98    -0.253196
2.99    -0.256643
3    -0.260052
3.01    -0.263424
3.02    -0.266758
3.03    -0.270055
3.04    -0.273314
3.05    -0.276535
3.06    -0.279718
3.07    -0.282862
3.08    -0.285968
3.09    -0.289036
3.1    -0.292064
3.11    -0.295054
3.12    -0.298005
3.13    -0.300916
3.14    -0.303788
3.15    -0.306621
3.16    -0.309414
3.17    -0.312168
3.18    -0.314881
3.19    -0.317555
3.2    -0.320188
3.21    -0.322781
3.22    -0.325335
3.23    -0.327847
3.24    -0.330319
3.25    -0.332751
3.26    -0.335142
3.27    -0.337492
3.28    -0.339801
3.29    -0.342069
3.3    -0.344296
3.31    -0.346482
3.32    -0.348627
3.33    -0.350731
3.34    -0.352793
3.35    -0.354814
3.36    -0.356793
3.37    -0.358731
3.38    -0.360628
3.39    -0.362482
3.4    -0.364296
3.41    -0.366067
3.42    -0.367797
3.43    -0.369485
3.44    -0.371131
3.45    -0.372735
3.46    -0.374297
3.47    -0.375818
3.48    -0.377296
3.49    -0.378733
3.5    -0.380128
3.51    -0.381481
3.52    -0.382791
3.53    -0.38406
3.54    -0.385287
3.55    -0.386472
3.56    -0.387615
3.57    -0.388717
3.58    -0.389776
3.59    -0.390793
3.6    -0.391769
3.61    -0.392703
3.62    -0.393595
3.63    -0.394445
3.64    -0.395253
3.65    -0.39602
3.66    -0.396745
3.67    -0.397429
3.68    -0.398071
3.69    -0.398671
3.7    -0.39923
3.71    -0.399748
3.72    -0.400224
3.73    -0.400659
3.74    -0.401053
3.75    -0.401406
3.76    -0.401718
3.77    -0.401989
3.78    -0.402219
3.79    -0.402408
3.8    -0.402556
3.81    -0.402664
3.82    -0.402732
3.83    -0.402759
3.84    -0.402746
3.85    -0.402692
3.86    -0.402599
3.87    -0.402465
3.88    -0.402292
3.89    -0.402079
3.9    -0.401826
3.91    -0.401534
3.92    -0.401202
3.93    -0.400832
3.94    -0.400422
3.95    -0.399973
3.96    -0.399485
3.97    -0.398959
3.98    -0.398394
3.99    -0.397791
4    -0.39715
4.01    -0.39647
4.02    -0.395753
4.03    -0.394998
4.04    -0.394205
4.05    -0.393375
4.06    -0.392508
4.07    -0.391603
4.08    -0.390662
4.09    -0.389684
4.1    -0.38867
4.11    -0.387619
4.12    -0.386532
4.13    -0.385409
4.14    -0.38425
4.15    -0.383056
4.16    -0.381826
4.17    -0.380561
4.18    -0.379261
4.19    -0.377926
4.2    -0.376557
4.21    -0.375153
4.22    -0.373716
4.23    -0.372244
4.24    -0.370739
4.25    -0.3692
4.26    -0.367628
4.27    -0.366022
4.28    -0.364385
4.29    -0.362714
4.3    -0.361011
4.31    -0.359276
4.32    -0.357509
4.33    -0.355711
4.34    -0.353881
4.35    -0.35202
4.36    -0.350128
4.37    -0.348206
4.38    -0.346253
4.39    -0.34427
4.4    -0.342257
4.41    -0.340214
4.42    -0.338142
4.43    -0.336041
4.44    -0.333912
4.45    -0.331753
4.46    -0.329567
4.47    -0.327352
4.48    -0.32511
4.49    -0.32284
4.5    -0.320543
4.51    -0.318218
4.52    -0.315868
4.53    -0.313491
4.54    -0.311088
4.55    -0.308659
4.56    -0.306204
4.57    -0.303725
4.58    -0.30122
4.59    -0.298691
4.6    -0.296138
4.61    -0.29356
4.62    -0.290959
4.63    -0.288334
4.64    -0.285687
4.65    -0.283016
4.66    -0.280323
4.67    -0.277607
4.68    -0.27487
4.69    -0.272111
4.7    -0.269331
4.71    -0.26653
4.72    -0.263708
4.73    -0.260865
4.74    -0.258003
4.75    -0.255121
4.76    -0.252219
4.77    -0.249299
4.78    -0.246359
4.79    -0.243401
4.8    -0.240425
4.81    -0.237431
4.82    -0.23442
4.83    -0.231392
4.84    -0.228346
4.85    -0.225284
4.86    -0.222206
4.87    -0.219112
4.88    -0.216003
4.89    -0.212878
4.9    -0.209738
4.91    -0.206584
4.92    -0.203416
4.93    -0.200233
4.94    -0.197038
4.95    -0.193829
4.96    -0.190607
4.97    -0.187372
4.98    -0.184125
4.99    -0.180867
5    -0.177597
5.01    -0.174315
5.02    -0.171023
5.03    -0.16772
5.04    -0.164408
5.05    -0.161085
5.06    -0.157752
5.07    -0.154411
5.08    -0.151061
5.09    -0.147702
5.1    -0.144335
5.11    -0.14096
5.12    -0.137578
5.13    -0.134188
5.14    -0.130792
5.15    -0.127389
5.16    -0.12398
5.17    -0.120566
5.18    -0.117146
5.19    -0.11372
5.2    -0.11029
5.21    -0.106856
5.22    -0.103418
5.23    -0.0999753
5.24    -0.0965297
5.25    -0.093081
5.26    -0.0896295
5.27    -0.0861757
5.28    -0.0827198
5.29    -0.0792621
5.3    -0.0758031
5.31    -0.072343
5.32    -0.0688822
5.33    -0.0654211
5.34    -0.0619598
5.35    -0.0584989
5.36    -0.0550386
5.37    -0.0515792
5.38    -0.0481211
5.39    -0.0446646
5.4    -0.0412101
5.41    -0.0377578
5.42    -0.0343082
5.43    -0.0308615
5.44    -0.027418
5.45    -0.0239781
5.46    -0.0205422
5.47    -0.0171104
5.48    -0.0136833
5.49    -0.010261
5.5    -0.00684387
5.51    -0.0034323
5.52    -2.65784e-05
5.53    0.00337298
5.54    0.00676607
5.55    0.0101524
5.56    0.0135315
5.57    0.0169033
5.58    0.0202673
5.59    0.0236233
5.6    0.0269709
5.61    0.0303098
5.62    0.0336398
5.63    0.0369605
5.64    0.0402716
5.65    0.0435728
5.66    0.0468638
5.67    0.0501444
5.68    0.0534141
5.69    0.0566727
5.7    0.05992
5.71    0.0631556
5.72    0.0663792
5.73    0.0695906
5.74    0.0727894
5.75    0.0759753
5.76    0.0791482
5.77    0.0823076
5.78    0.0854533
5.79    0.0885851
5.8    0.0917026
5.81    0.0948055
5.82    0.0978937
5.83    0.100967
5.84    0.104024
5.85    0.107067
5.86    0.110093
5.87    0.113103
5.88    0.116096
5.89    0.119073
5.9    0.122033
5.91    0.124976
5.92    0.127901
5.93    0.130809
5.94    0.133699
5.95    0.13657
5.96    0.139423
5.97    0.142257
5.98    0.145073
5.99    0.147869
6    0.150645
6.01    0.153402
6.02    0.156139
6.03    0.158856
6.04    0.161553
6.05    0.164229
6.06    0.166884
6.07    0.169518
6.08    0.172131
6.09    0.174722
6.1    0.177291
6.11    0.179839
6.12    0.182365
6.13    0.184868
6.14    0.187348
6.15    0.189806
6.16    0.192241
6.17    0.194653
6.18    0.197041
6.19    0.199406
6.2    0.201747
6.21    0.204064
6.22    0.206357
6.23    0.208626
6.24    0.21087
6.25    0.21309
6.26    0.215285
6.27    0.217455
6.28    0.219599
6.29    0.221718
6.3    0.223812
6.31    0.22588
6.32    0.227922
6.33    0.229938
6.34    0.231928
6.35    0.233892
6.36    0.235829
6.37    0.23774
6.38    0.239624
6.39    0.241481
6.4    0.243311
6.41    0.245113
6.42    0.246889
6.43    0.248637
6.44    0.250357
6.45    0.25205
6.46    0.253715
6.47    0.255352
6.48    0.256961
6.49    0.258542
6.5    0.260095
6.51    0.261619
6.52    0.263115
6.53    0.264582
6.54    0.26602
6.55    0.26743
6.56    0.268811
6.57    0.270162
6.58    0.271485
6.59    0.272779
6.6    0.274043
6.61    0.275279
6.62    0.276484
6.63    0.277661
6.64    0.278807
6.65    0.279925
6.66    0.281012
6.67    0.28207
6.68    0.283098
6.69    0.284096
6.7    0.285065
6.71    0.286003
6.72    0.286912
6.73    0.28779
6.74    0.288638
6.75    0.289457
6.76    0.290245
6.77    0.291003
6.78    0.291731
6.79    0.292428
6.8    0.293096
6.81    0.293733
6.82    0.294339
6.83    0.294916
6.84    0.295462
6.85    0.295978
6.86    0.296463
6.87    0.296919
6.88    0.297343
6.89    0.297738
6.9    0.298102
6.91    0.298436
6.92    0.298739
6.93    0.299013
6.94    0.299256
6.95    0.299468
6.96    0.299651
6.97    0.299803
6.98    0.299925
6.99    0.300017
7    0.300079
7.01    0.300111
7.02    0.300113
7.03    0.300085
7.04    0.300026
7.05    0.299938
7.06    0.29982
7.07    0.299673
7.08    0.299495
7.09    0.299288
7.1    0.299051
7.11    0.298785
7.12    0.298489
7.13    0.298164
7.14    0.29781
7.15    0.297426
7.16    0.297013
7.17    0.296571
7.18    0.2961
7.19    0.2956
7.2    0.295071
7.21    0.294513
7.22    0.293927
7.23    0.293312
7.24    0.292669
7.25    0.291997
7.26    0.291297
7.27    0.290569
7.28    0.289813
7.29    0.289029
7.3    0.288217
7.31    0.287377
7.32    0.28651
7.33    0.285616
7.34    0.284694
7.35    0.283745
7.36    0.282769
7.37    0.281766
7.38    0.280736
7.39    0.279679
7.4    0.278596
7.41    0.277487
7.42    0.276351
7.43    0.275189
7.44    0.274002
7.45    0.272788
7.46    0.271549
7.47    0.270285
7.48    0.268995
7.49    0.26768
7.5    0.26634
7.51    0.264975
7.52    0.263585
7.53    0.262171
7.54    0.260733
7.55    0.25927
7.56    0.257784
7.57    0.256274
7.58    0.25474
7.59    0.253182
7.6    0.251602
7.61    0.249998
7.62    0.248372
7.63    0.246722
7.64    0.245051
7.65    0.243357
7.66    0.241641
7.67    0.239903
7.68    0.238143
7.69    0.236362
7.7    0.234559
7.71    0.232735
7.72    0.230891
7.73    0.229026
7.74    0.22714
7.75    0.225234
7.76    0.223308
7.77    0.221362
7.78    0.219397
7.79    0.217412
7.8    0.215408
7.81    0.213385
7.82    0.211343
7.83    0.209283
7.84    0.207204
7.85    0.205108
7.86    0.202993
7.87    0.200861
7.88    0.198712
7.89    0.196545
7.9    0.194362
7.91    0.192162
7.92    0.189945
7.93    0.187713
7.94    0.185464
7.95    0.1832
7.96    0.18092
7.97    0.178625
7.98    0.176315
7.99    0.17399
8    0.171651
8.01    0.169297
8.02    0.16693
8.03    0.164549
8.04    0.162154
8.05    0.159746
8.06    0.157325
8.07    0.154892
8.08    0.152446
8.09    0.149988
8.1    0.147517
8.11    0.145036
8.12    0.142542
8.13    0.140038
8.14    0.137522
8.15    0.134996
8.16    0.13246
8.17    0.129913
8.18    0.127357
8.19    0.124791
8.2    0.122215
8.21    0.119631
8.22    0.117038
8.23    0.114436
8.24    0.111826
8.25    0.109207
8.26    0.106582
8.27    0.103948
8.28    0.101308
8.29    0.0986602
8.3    0.0960061
8.31    0.0933456
8.32    0.0906789
8.33    0.0880063
8.34    0.0853282
8.35    0.0826448
8.36    0.0799563
8.37    0.077263
8.38    0.0745652
8.39    0.0718632
8.4    0.0691573
8.41    0.0664476
8.42    0.0637345
8.43    0.0610183
8.44    0.0582992
8.45    0.0555775
8.46    0.0528534
8.47    0.0501273
8.48    0.0473994
8.49    0.0446699
8.5    0.0419393
8.51    0.0392076
8.52    0.0364752
8.53    0.0337424
8.54    0.0310094
8.55    0.0282765
8.56    0.025544
8.57    0.0228121
8.58    0.0200812
8.59    0.0173513
8.6    0.014623
8.61    0.0118963
8.62    0.00917167
8.63    0.00644924
8.64    0.00372932
8.65    0.00101217
8.66    -0.00170194
8.67    -0.00441275
8.68    -0.00712
8.69    -0.00982341
8.7    -0.0125227
8.71    -0.0152177
8.72    -0.0179081
8.73    -0.0205935
8.74    -0.0232739
8.75    -0.0259489
8.76    -0.0286182
8.77    -0.0312816
8.78    -0.0339388
8.79    -0.0365896
8.8    -0.0392338
8.81    -0.041871
8.82    -0.0445011
8.83    -0.0471237
8.84    -0.0497387
8.85    -0.0523457
8.86    -0.0549445
8.87    -0.057535
8.88    -0.0601167
8.89    -0.0626896
8.9    -0.0652532
8.91    -0.0678075
8.92    -0.0703522
8.93    -0.0728869
8.94    -0.0754116
8.95    -0.0779258
8.96    -0.0804295
8.97    -0.0829224
8.98    -0.0854042
8.99    -0.0878747
9    -0.0903336
9.01    -0.0927808
9.02    -0.095216
9.03    -0.097639
9.04    -0.10005
9.05    -0.102447
9.06    -0.104832
9.07    -0.107204
9.08    -0.109563
9.09    -0.111908
9.1    -0.114239
9.11    -0.116557
9.12    -0.11886
9.13    -0.121148
9.14    -0.123422
9.15    -0.125682
9.16    -0.127926
9.17    -0.130155
9.18    -0.132368
9.19    -0.134566
9.2    -0.136748
9.21    -0.138914
9.22    -0.141064
9.23    -0.143198
9.24    -0.145314
9.25    -0.147414
9.26    -0.149497
9.27    -0.151563
9.28    -0.153611
9.29    -0.155642
9.3    -0.157655
9.31    -0.15965
9.32    -0.161627
9.33    -0.163586
9.34    -0.165526
9.35    -0.167448
9.36    -0.169351
9.37    -0.171235
9.38    -0.1731
9.39    -0.174945
9.4    -0.176772
9.41    -0.178578
9.42    -0.180365
9.43    -0.182132
9.44    -0.183878
9.45    -0.185605
9.46    -0.187311
9.47    -0.188997
9.48    -0.190661
9.49    -0.192306
9.5    -0.193929
9.51    -0.195531
9.52    -0.197112
9.53    -0.198671
9.54    -0.200209
9.55    -0.201726
9.56    -0.20322
9.57    -0.204693
9.58    -0.206144
9.59    -0.207572
9.6    -0.208979
9.61    -0.210363
9.62    -0.211724
9.63    -0.213063
9.64    -0.21438
9.65    -0.215673
9.66    -0.216944
9.67    -0.218192
9.68    -0.219416
9.69    -0.220617
9.7    -0.221795
9.71    -0.22295
9.72    -0.224081
9.73    -0.225189
9.74    -0.226273
9.75    -0.227333
9.76    -0.22837
9.77    -0.229382
9.78    -0.230371
9.79    -0.231336
9.8    -0.232276
9.81    -0.233192
9.82    -0.234084
9.83    -0.234952
9.84    -0.235796
9.85    -0.236615
9.86    -0.237409
9.87    -0.238179
9.88    -0.238924
9.89    -0.239645
9.9    -0.240341
9.91    -0.241012
9.92    -0.241659
9.93    -0.242281
9.94    -0.242878
9.95    -0.24345
9.96    -0.243997
9.97    -0.244519
9.98    -0.245016
9.99    -0.245489
10    -0.245936
10.01    -0.246358
10.02    -0.246755
10.03    -0.247127
10.04    -0.247474
10.05    -0.247796
10.06    -0.248093
10.07    -0.248365
10.08    -0.248612
10.09    -0.248833
10.1    -0.24903
10.11    -0.249201
10.12    -0.249347
10.13    -0.249469
10.14    -0.249565
10.15    -0.249636
10.16    -0.249682
10.17    -0.249703
10.18    -0.2497
10.19    -0.249671
10.2    -0.249617
10.21    -0.249538
10.22    -0.249435
10.23    -0.249307
10.24    -0.249154
10.25    -0.248976
10.26    -0.248773
10.27    -0.248546
10.28    -0.248294
10.29    -0.248018
10.3    -0.247717
10.31    -0.247391
10.32    -0.247042
10.33    -0.246667
10.34    -0.246269
10.35    -0.245846
10.36    -0.245399
10.37    -0.244928
10.38    -0.244433
10.39    -0.243915
10.4    -0.243372
10.41    -0.242805
10.42    -0.242215
10.43    -0.241601
10.44    -0.240963
10.45    -0.240302
10.46    -0.239618
10.47    -0.23891
10.48    -0.238179
10.49    -0.237425
10.5    -0.236648
10.51    -0.235848
10.52    -0.235026
10.53    -0.23418
10.54    -0.233312
10.55    -0.232421
10.56    -0.231508
10.57    -0.230573
10.58    -0.229616
10.59    -0.228636
10.6    -0.227635
10.61    -0.226612
10.62    -0.225567
10.63    -0.224501
10.64    -0.223413
10.65    -0.222304
10.66    -0.221173
10.67    -0.220022
10.68    -0.21885
10.69    -0.217656
10.7    -0.216443
10.71    -0.215209
10.72    -0.213954
10.73    -0.212679
10.74    -0.211384
10.75    -0.210069
10.76    -0.208735
10.77    -0.207381
10.78    -0.206007
10.79    -0.204614
10.8    -0.203202
10.81    -0.201771
10.82    -0.200321
10.83    -0.198852
10.84    -0.197365
10.85    -0.195859
10.86    -0.194336
10.87    -0.192794
10.88    -0.191234
10.89    -0.189657
10.9    -0.188062
10.91    -0.18645
10.92    -0.184821
10.93    -0.183175
10.94    -0.181511
10.95    -0.179832
10.96    -0.178136
10.97    -0.176423
10.98    -0.174695
10.99    -0.17295
11    -0.17119
11.01    -0.169415
11.02    -0.167624
11.03    -0.165818
11.04    -0.163997
11.05    -0.162161
11.06    -0.160311
11.07    -0.158446
11.08    -0.156567
11.09    -0.154675
11.1    -0.152768
11.11    -0.150848
11.12    -0.148915
11.13    -0.146968
11.14    -0.145009
11.15    -0.143037
11.16    -0.141052
11.17    -0.139055
11.18    -0.137046
11.19    -0.135025
11.2    -0.132992
11.21    -0.130948
11.22    -0.128892
11.23    -0.126826
11.24    -0.124748
11.25    -0.12266
11.26    -0.120562
11.27    -0.118453
11.28    -0.116335
11.29    -0.114206
11.3    -0.112068
11.31    -0.109921
11.32    -0.107765
11.33    -0.1056
11.34    -0.103426
11.35    -0.101244
11.36    -0.0990535
11.37    -0.0968552
11.38    -0.0946491
11.39    -0.0924354
11.4    -0.0902145
11.41    -0.0879865
11.42    -0.0857517
11.43    -0.0835102
11.44    -0.0812623
11.45    -0.0790083
11.46    -0.0767484
11.47    -0.0744828
11.48    -0.0722117
11.49    -0.0699353
11.5    -0.0676539
11.51    -0.0653678
11.52    -0.0630771
11.53    -0.0607821
11.54    -0.058483
11.55    -0.0561801
11.56    -0.0538735
11.57    -0.0515636
11.58    -0.0492505
11.59    -0.0469344
11.6    -0.0446157
11.61    -0.0422945
11.62    -0.0399711
11.63    -0.0376456
11.64    -0.0353184
11.65    -0.0329897
11.66    -0.0306597
11.67    -0.0283286
11.68    -0.0259967
11.69    -0.0236642
11.7    -0.0213313
11.71    -0.0189982
11.72    -0.0166653
11.73    -0.0143327
11.74    -0.0120006
11.75    -0.00966935
11.76    -0.00733909
11.77    -0.00501008
11.78    -0.00268255
11.79    -0.000356719
11.8    0.00196717
11.81    0.0042889
11.82    0.00660823
11.83    0.00892494
11.84    0.0112388
11.85    0.0135496
11.86    0.0158571
11.87    0.018161
11.88    0.0204612
11.89    0.0227574
11.9    0.0250494
11.91    0.027337
11.92    0.02962
11.93    0.031898
11.94    0.034171
11.95    0.0364386
11.96    0.0387007
11.97    0.040957
11.98    0.0432074
11.99    0.0454516
12    0.0476893
12.01    0.0499204
12.02    0.0521447
12.03    0.0543619
12.04    0.0565718
12.05    0.0587743
12.06    0.060969
12.07    0.0631559
12.08    0.0653346
12.09    0.0675049
12.1    0.0696668
12.11    0.0718199
12.12    0.073964
12.13    0.0760989
12.14    0.0782245
12.15    0.0803406
12.16    0.0824468
12.17    0.0845431
12.18    0.0866292
12.19    0.088705
12.2    0.0907701
12.21    0.0928245
12.22    0.094868
12.23    0.0969003
12.24    0.0989212
12.25    0.100931
12.26    0.102928
12.27    0.104914
12.28    0.106888
12.29    0.108849
12.3    0.110798
12.31    0.112734
12.32    0.114658
12.33    0.116568
12.34    0.118465
12.35    0.120349
12.36    0.122219
12.37    0.124076
12.38    0.125918
12.39    0.127747
12.4    0.129561
12.41    0.131361
12.42    0.133146
12.43    0.134917
12.44    0.136672
12.45    0.138413
12.46    0.140138
12.47    0.141848
12.48    0.143543
12.49    0.145221
12.5    0.146884
12.51    0.148531
12.52    0.150162
12.53    0.151776
12.54    0.153374
12.55    0.154955
12.56    0.156519
12.57    0.158067
12.58    0.159598
12.59    0.161111
12.6    0.162607
12.61    0.164086
12.62    0.165547
12.63    0.16699
12.64    0.168416
12.65    0.169824
12.66    0.171213
12.67    0.172584
12.68    0.173937
12.69    0.175272
12.7    0.176588
12.71    0.177885
12.72    0.179164
12.73    0.180423
12.74    0.181664
12.75    0.182885
12.76    0.184087
12.77    0.18527
12.78    0.186433
12.79    0.187577
12.8    0.188701
12.81    0.189806
12.82    0.19089
12.83    0.191955
12.84    0.193
12.85    0.194024
12.86    0.195029
12.87    0.196013
12.88    0.196976
12.89    0.19792
12.9    0.198842
12.91    0.199745
12.92    0.200626
12.93    0.201487
12.94    0.202327
12.95    0.203146
12.96    0.203944
12.97    0.204721
12.98    0.205477
12.99    0.206212
13    0.206926
13.01    0.207619
13.02    0.20829
13.03    0.20894
13.04    0.209568
13.05    0.210176
13.06    0.210761
13.07    0.211325
13.08    0.211868
13.09    0.212389
13.1    0.212888
13.11    0.213366
13.12    0.213822
13.13    0.214256
13.14    0.214669
13.15    0.215059
13.16    0.215428
13.17    0.215776
13.18    0.216101
13.19    0.216404
13.2    0.216686
13.21    0.216946
13.22    0.217183
13.23    0.217399
13.24    0.217594
13.25    0.217766
13.26    0.217916
13.27    0.218044
13.28    0.218151
13.29    0.218235
13.3    0.218298
13.31    0.218339
13.32    0.218358
13.33    0.218355
13.34    0.21833
13.35    0.218284
13.36    0.218216
13.37    0.218126
13.38    0.218014
13.39    0.21788
13.4    0.217725
13.41    0.217548
13.42    0.21735
13.43    0.21713
13.44    0.216888
13.45    0.216625
13.46    0.216341
13.47    0.216035
13.48    0.215708
13.49    0.215359
13.5    0.214989
13.51    0.214598
13.52    0.214186
13.53    0.213752
13.54    0.213298
13.55    0.212823
13.56    0.212326
13.57    0.211809
13.58    0.211271
13.59    0.210713
13.6    0.210133
13.61    0.209533
13.62    0.208913
13.63    0.208272
13.64    0.207611
13.65    0.206929
13.66    0.206228
13.67    0.205506
13.68    0.204764
13.69    0.204002
13.7    0.203221
13.71    0.20242
13.72    0.201599
13.73    0.200758
13.74    0.199898
13.75    0.199019
13.76    0.19812
13.77    0.197203
13.78    0.196266
13.79    0.19531
13.8    0.194336
13.81    0.193342
13.82    0.192331
13.83    0.1913
13.84    0.190251
13.85    0.189184
13.86    0.188099
13.87    0.186996
13.88    0.185875
13.89    0.184736
13.9    0.18358
13.91    0.182406
13.92    0.181214
13.93    0.180006
13.94    0.17878
13.95    0.177537
13.96    0.176278
13.97    0.175001
13.98    0.173708
13.99    0.172399
14    0.171073
14.01    0.169732
14.02    0.168374
14.03    0.167
14.04    0.165611
14.05    0.164206
14.06    0.162785
14.07    0.16135
14.08    0.159899
14.09    0.158433
14.1    0.156953
14.11    0.155458
14.12    0.153948
14.13    0.152424
14.14    0.150886
14.15    0.149334
14.16    0.147768
14.17    0.146188
14.18    0.144595
14.19    0.142989
14.2    0.141369
14.21    0.139737
14.22    0.138091
14.23    0.136433
14.24    0.134763
14.25    0.13308
14.26    0.131385
14.27    0.129678
14.28    0.12796
14.29    0.126229
14.3    0.124488
14.31    0.122735
14.32    0.120971
14.33    0.119196
14.34    0.117411
14.35    0.115615
14.36    0.113808
14.37    0.111992
14.38    0.110166
14.39    0.10833
14.4    0.106484
14.41    0.104629
14.42    0.102765
14.43    0.100892
14.44    0.09901
14.45    0.0971195
14.46    0.0952206
14.47    0.0933135
14.48    0.0913984
14.49    0.0894754
14.5    0.0875449
14.51    0.0856069
14.52    0.0836617
14.53    0.0817095
14.54    0.0797504
14.55    0.0777848
14.56    0.0758127
14.57    0.0738344
14.58    0.07185
14.59    0.0698599
14.6    0.0678641
14.61    0.0658629
14.62    0.0638565
14.63    0.061845
14.64    0.0598288
14.65    0.0578079
14.66    0.0557827
14.67    0.0537533
14.68    0.0517198
14.69    0.0496826
14.7    0.0476418
14.71    0.0455977
14.72    0.0435503
14.73    0.0415
14.74    0.039447
14.75    0.0373914
14.76    0.0353334
14.77    0.0332733
14.78    0.0312113
14.79    0.0291476
14.8    0.0270823
14.81    0.0250157
14.82    0.0229481
14.83    0.0208795
14.84    0.0188102
14.85    0.0167404
14.86    0.0146704
14.87    0.0126003
14.88    0.0105303
14.89    0.00846065
14.9    0.00639154
14.91    0.00432319
14.92    0.00225579
14.93    0.000189555
14.94    -0.00187532
14.95    -0.00393862
14.96    -0.00600016
14.97    -0.00805971
14.98    -0.0101171
14.99    -0.0121721
15    -0.0142245
15.01    -0.0162741
15.02    -0.0183207
15.03    -0.0203641
15.04    -0.0224042
15.05    -0.0244406
15.06    -0.0264732
15.07    -0.0285019
15.08    -0.0305263
15.09    -0.0325464
15.1    -0.0345619
15.11    -0.0365725
15.12    -0.0385782
15.13    -0.0405787
15.14    -0.0425738
15.15    -0.0445634
15.16    -0.0465472
15.17    -0.048525
15.18    -0.0504967
15.19    -0.052462
15.2    -0.0544208
15.21    -0.0563729
15.22    -0.058318
15.23    -0.060256
15.24    -0.0621868
15.25    -0.06411
15.26    -0.0660256
15.27    -0.0679333
15.28    -0.069833
15.29    -0.0717245
15.3    -0.0736075
15.31    -0.075482
15.32    -0.0773477
15.33    -0.0792045
15.34    -0.0810521
15.35    -0.0828904
15.36    -0.0847192
15.37    -0.0865384
15.38    -0.0883477
15.39    -0.0901471
15.4    -0.0919362
15.41    -0.093715
15.42    -0.0954833
15.43    -0.0972409
15.44    -0.0989876
15.45    -0.100723
15.46    -0.102448
15.47    -0.104161
15.48    -0.105863
15.49    -0.107553
15.5    -0.109231
15.51    -0.110897
15.52    -0.112551
15.53    -0.114192
15.54    -0.115821
15.55    -0.117438
15.56    -0.119042
15.57    -0.120633
15.58    -0.12221
15.59    -0.123775
15.6    -0.125326
15.61    -0.126864
15.62    -0.128388
15.63    -0.129898
15.64    -0.131394
15.65    -0.132876
15.66    -0.134344
15.67    -0.135797
15.68    -0.137236
15.69    -0.138661
15.7    -0.14007
15.71    -0.141465
15.72    -0.142845
15.73    -0.144209
15.74    -0.145558
15.75    -0.146892
15.76    -0.14821
15.77    -0.149513
15.78    -0.1508
15.79    -0.152071
15.8    -0.153326
15.81    -0.154565
15.82    -0.155787
15.83    -0.156993
15.84    -0.158183
15.85    -0.159356
15.86    -0.160513
15.87    -0.161653
15.88    -0.162776
15.89    -0.163882
15.9    -0.16497
15.91    -0.166042
15.92    -0.167097
15.93    -0.168134
15.94    -0.169153
15.95    -0.170155
15.96    -0.17114
15.97    -0.172106
15.98    -0.173055
15.99    -0.173986
16    -0.174899
16.01    -0.175794
16.02    -0.176671
16.03    -0.177529
16.04    -0.17837
16.05    -0.179192
16.06    -0.179995
16.07    -0.18078
16.08    -0.181547
16.09    -0.182295
16.1    -0.183024
16.11    -0.183734
16.12    -0.184426
16.13    -0.185098
16.14    -0.185752
16.15    -0.186387
16.16    -0.187003
16.17    -0.1876
16.18    -0.188177
16.19    -0.188736
16.2    -0.189275
16.21    -0.189795
16.22    -0.190296
16.23    -0.190777
16.24    -0.191239
16.25    -0.191682
16.26    -0.192105
16.27    -0.192508
16.28    -0.192893
16.29    -0.193257
16.3    -0.193602
16.31    -0.193928
16.32    -0.194234
16.33    -0.19452
16.34    -0.194787
16.35    -0.195034
16.36    -0.195262
16.37    -0.195469
16.38    -0.195658
16.39    -0.195826
16.4    -0.195975
16.41    -0.196104
16.42    -0.196213
16.43    -0.196303
16.44    -0.196373
16.45    -0.196424
16.46    -0.196454
16.47    -0.196465
16.48    -0.196457
16.49    -0.196429
16.5    -0.196381
16.51    -0.196313
16.52    -0.196226
16.53    -0.19612
16.54    -0.195994
16.55    -0.195848
16.56    -0.195683
16.57    -0.195498
16.58    -0.195294
16.59    -0.195071
16.6    -0.194828
16.61    -0.194566
16.62    -0.194284
16.63    -0.193984
16.64    -0.193664
16.65    -0.193325
16.66    -0.192967
16.67    -0.192589
16.68    -0.192193
16.69    -0.191778
16.7    -0.191344
16.71    -0.19089
16.72    -0.190419
16.73    -0.189928
16.74    -0.189419
16.75    -0.188891
16.76    -0.188344
16.77    -0.187779
16.78    -0.187196
16.79    -0.186594
16.8    -0.185974
16.81    -0.185336
16.82    -0.184679
16.83    -0.184005
16.84    -0.183312
16.85    -0.182601
16.86    -0.181873
16.87    -0.181127
16.88    -0.180363
16.89    -0.179582
16.9    -0.178783
16.91    -0.177967
16.92    -0.177134
16.93    -0.176283
16.94    -0.175415
16.95    -0.17453
16.96    -0.173629
16.97    -0.17271
16.98    -0.171775
16.99    -0.170823
17    -0.169854
17.01    -0.168869
17.02    -0.167868
17.03    -0.166851
17.04    -0.165817
17.05    -0.164768
17.06    -0.163703
17.07    -0.162622
17.08    -0.161525
17.09    -0.160413
17.1    -0.159285
17.11    -0.158143
17.12    -0.156985
17.13    -0.155812
17.14    -0.154624
17.15    -0.153421
17.16    -0.152204
17.17    -0.150972
17.18    -0.149726
17.19    -0.148466
17.2    -0.147191
17.21    -0.145903
17.22    -0.1446
17.23    -0.143284
17.24    -0.141955
17.25    -0.140612
17.26    -0.139256
17.27    -0.137886
17.28    -0.136504
17.29    -0.135109
17.3    -0.133701
17.31    -0.13228
17.32    -0.130847
17.33    -0.129402
17.34    -0.127945
17.35    -0.126476
17.36    -0.124995
17.37    -0.123502
17.38    -0.121998
17.39    -0.120482
17.4    -0.118956
17.41    -0.117418
17.42    -0.11587
17.43    -0.114311
17.44    -0.112741
17.45    -0.111161
17.46    -0.10957
17.47    -0.10797
17.48    -0.10636
17.49    -0.10474
17.5    -0.10311
17.51    -0.101472
17.52    -0.0998235
17.53    -0.0981664
17.54    -0.0965004
17.55    -0.0948257
17.56    -0.0931425
17.57    -0.091451
17.58    -0.0897512
17.59    -0.0880435
17.6    -0.0863279
17.61    -0.0846047
17.62    -0.082874
17.63    -0.081136
17.64    -0.0793908
17.65    -0.0776388
17.66    -0.0758799
17.67    -0.0741145
17.68    -0.0723426
17.69    -0.0705645
17.7    -0.0687804
17.71    -0.0669904
17.72    -0.0651947
17.73    -0.0633935
17.74    -0.061587
17.75    -0.0597754
17.76    -0.0579587
17.77    -0.0561374
17.78    -0.0543114
17.79    -0.052481
17.8    -0.0506464
17.81    -0.0488078
17.82    -0.0469654
17.83    -0.0451192
17.84    -0.0432696
17.85    -0.0414167
17.86    -0.0395607
17.87    -0.0377018
17.88    -0.0358402
17.89    -0.033976
17.9    -0.0321095
17.91    -0.0302408
17.92    -0.0283701
17.93    -0.0264976
17.94    -0.0246235
17.95    -0.022748
17.96    -0.0208713
17.97    -0.0189935
17.98    -0.0171149
17.99    -0.0152356
18    -0.0133558
18.01    -0.0114757
18.02    -0.00959558
18.03    -0.00771549
18.04    -0.00583568
18.05    -0.00395633
18.06    -0.00207762
18.07    -0.000199743
18.08    0.00167711
18.09    0.00355277
18.1    0.00542702
18.11    0.00729971
18.12    0.00917063
18.13    0.0110396
18.14    0.0129064
18.15    0.0147709
18.16    0.016633
18.17    0.0184923
18.18    0.0203487
18.19    0.0222021
18.2    0.0240523
18.21    0.025899
18.22    0.0277422
18.23    0.0295815
18.24    0.0314169
18.25    0.0332481
18.26    0.0350751
18.27    0.0368975
18.28    0.0387152
18.29    0.040528
18.3    0.0423358
18.31    0.0441384
18.32    0.0459356
18.33    0.0477272
18.34    0.0495131
18.35    0.0512931
18.36    0.0530669
18.37    0.0548345
18.38    0.0565956
18.39    0.0583502
18.4    0.0600979
18.41    0.0618387
18.42    0.0635723
18.43    0.0652987
18.44    0.0670176
18.45    0.0687288
18.46    0.0704323
18.47    0.0721278
18.48    0.0738151
18.49    0.0754942
18.5    0.0771648
18.51    0.0788268
18.52    0.08048
18.53    0.0821243
18.54    0.0837595
18.55    0.0853854
18.56    0.087002
18.57    0.0886089
18.58    0.0902061
18.59    0.0917935
18.6    0.0933708
18.61    0.094938
18.62    0.0964948
18.63    0.0980411
18.64    0.0995768
18.65    0.101102
18.66    0.102616
18.67    0.104119
18.68    0.10561
18.69    0.107091
18.7    0.108559
18.71    0.110017
18.72    0.111462
18.73    0.112896
18.74    0.114317
18.75    0.115726
18.76    0.117123
18.77    0.118508
18.78    0.11988
18.79    0.121239
18.8    0.122585
18.81    0.123919
18.82    0.125239
18.83    0.126546
18.84    0.12784
18.85    0.12912
18.86    0.130387
18.87    0.13164
18.88    0.132879
18.89    0.134104
18.9    0.135315
18.91    0.136512
18.92    0.137695
18.93    0.138863
18.94    0.140017
18.95    0.141156
18.96    0.142281
18.97    0.14339
18.98    0.144485
18.99    0.145565
19    0.146629
19.01    0.147679
19.02    0.148713
19.03    0.149732
19.04    0.150735
19.05    0.151722
19.06    0.152694
19.07    0.15365
19.08    0.15459
19.09    0.155515
19.1    0.156423
19.11    0.157315
19.12    0.158191
19.13    0.159051
19.14    0.159894
19.15    0.160721
19.16    0.161531
19.17    0.162325
19.18    0.163102
19.19    0.163863
19.2    0.164607
19.21    0.165334
19.22    0.166043
19.23    0.166736
19.24    0.167412
19.25    0.168071
19.26    0.168713
19.27    0.169338
19.28    0.169945
19.29    0.170535
19.3    0.171107
19.31    0.171663
19.32    0.1722
19.33    0.172721
19.34    0.173223
19.35    0.173708
19.36    0.174176
19.37    0.174626
19.38    0.175058
19.39    0.175472
19.4    0.175869
19.41    0.176248
19.42    0.176609
19.43    0.176952
19.44    0.177278
19.45    0.177585
19.46    0.177875
19.47    0.178147
19.48    0.1784
19.49    0.178636
19.5    0.178854
19.51    0.179054
19.52    0.179235
19.53    0.179399
19.54    0.179545
19.55    0.179673
19.56    0.179782
19.57    0.179874
19.58    0.179948
19.59    0.180003
19.6    0.180041
19.61    0.18006
19.62    0.180062
19.63    0.180045
19.64    0.180011
19.65    0.179959
19.66    0.179888
19.67    0.1798
19.68    0.179694
19.69    0.179569
19.7    0.179427
19.71    0.179267
19.72    0.17909
19.73    0.178894
19.74    0.178681
19.75    0.178449
19.76    0.178201
19.77    0.177934
19.78    0.17765
19.79    0.177348
19.8    0.177029
19.81    0.176692
19.82    0.176337
19.83    0.175965
19.84    0.175576
19.85    0.17517
19.86    0.174746
19.87    0.174304
19.88    0.173846
19.89    0.17337
19.9    0.172878
19.91    0.172368
19.92    0.171841
19.93    0.171298
19.94    0.170737
19.95    0.17016
19.96    0.169566
19.97    0.168956
19.98    0.168328
19.99    0.167685
20    0.167025
20.01    0.166348
20.02    0.165655
20.03    0.164946
20.04    0.164221
20.05    0.16348
20.06    0.162723
20.07    0.16195
20.08    0.161161
20.09    0.160356
20.1    0.159536
20.11    0.1587
20.12    0.157849
20.13    0.156983
20.14    0.156101
20.15    0.155204
20.16    0.154292
20.17    0.153365
20.18    0.152423
20.19    0.151466
20.2    0.150495
20.21    0.149509
20.22    0.148508
20.23    0.147493
20.24    0.146465
20.25    0.145421
20.26    0.144364
20.27    0.143293
20.28    0.142208
20.29    0.14111
20.3    0.139998
20.31    0.138872
20.32    0.137733
20.33    0.136581
20.34    0.135416
20.35    0.134238
20.36    0.133047
20.37    0.131843
20.38    0.130627
20.39    0.129398
20.4    0.128157
20.41    0.126904
20.42    0.125638
20.43    0.124361
20.44    0.123072
20.45    0.121771
20.46    0.120459
20.47    0.119135
20.48    0.1178
20.49    0.116454
20.5    0.115097
20.51    0.113729
20.52    0.11235
20.53    0.110961
20.54    0.109562
20.55    0.108152
20.56    0.106732
20.57    0.105302
20.58    0.103862
20.59    0.102412
20.6    0.100953
20.61    0.0994847
20.62    0.0980071
20.63    0.0965203
20.64    0.0950246
20.65    0.0935202
20.66    0.0920071
20.67    0.0904855
20.68    0.0889557
20.69    0.0874177
20.7    0.0858717
20.71    0.0843178
20.72    0.0827563
20.73    0.0811872
20.74    0.0796108
20.75    0.0780272
20.76    0.0764366
20.77    0.0748391
20.78    0.0732348
20.79    0.071624
20.8    0.0700069
20.81    0.0683835
20.82    0.066754
20.83    0.0651187
20.84    0.0634776
20.85    0.061831
20.86    0.060179
20.87    0.0585217
20.88    0.0568595
20.89    0.0551923
20.9    0.0535204
20.91    0.0518439
20.92    0.0501631
20.93    0.048478
20.94    0.0467889
20.95    0.045096
20.96    0.0433993
20.97    0.0416991
20.98    0.0399956
20.99    0.0382888
21    0.0365791
21.01    0.0348665
21.02    0.0331512
21.03    0.0314334
21.04    0.0297134
21.05    0.0279911
21.06    0.0262669
21.07    0.0245409
21.08    0.0228132
21.09    0.0210841
21.1    0.0193536
21.11    0.0176221
21.12    0.0158896
21.13    0.0141564
21.14    0.0124226
21.15    0.0106883
21.16    0.00895379
21.17    0.00721921
21.18    0.00548473
21.19    0.00375051
21.2    0.00201674
21.21    0.000283583
21.22    -0.00144878
21.23    -0.00318019
21.24    -0.00491046
21.25    -0.00663943
21.26    -0.00836692
21.27    -0.0100928
21.28    -0.0118168
21.29    -0.0135388
21.3    -0.0152587
21.31    -0.0169762
21.32    -0.0186912
21.33    -0.0204036
21.34    -0.0221131
21.35    -0.0238196
21.36    -0.025523
21.37    -0.0272229
21.38    -0.0289194
21.39    -0.0306122
21.4    -0.0323011
21.41    -0.033986
21.42    -0.0356667
21.43    -0.0373431
21.44    -0.0390149
21.45    -0.0406821
21.46    -0.0423444
21.47    -0.0440018
21.48    -0.0456539
21.49    -0.0473007
21.5    -0.048942
21.51    -0.0505777
21.52    -0.0522076
21.53    -0.0538314
21.54    -0.0554492
21.55    -0.0570606
21.56    -0.0586656
21.57    -0.060264
21.58    -0.0618556
21.59    -0.0634403
21.6    -0.0650179
21.61    -0.0665883
21.62    -0.0681513
21.63    -0.0697068
21.64    -0.0712545
21.65    -0.0727945
21.66    -0.0743264
21.67    -0.0758502
21.68    -0.0773658
21.69    -0.0788729
21.7    -0.0803714
21.71    -0.0818612
21.72    -0.0833421
21.73    -0.084814
21.74    -0.0862767
21.75    -0.0877302
21.76    -0.0891742
21.77    -0.0906086
21.78    -0.0920333
21.79    -0.0934482
21.8    -0.0948531
21.81    -0.0962478
21.82    -0.0976323
21.83    -0.0990063
21.84    -0.10037
21.85    -0.101723
21.86    -0.103065
21.87    -0.104396
21.88    -0.105716
21.89    -0.107025
21.9    -0.108323
21.91    -0.109609
21.92    -0.110884
21.93    -0.112147
21.94    -0.113398
21.95    -0.114637
21.96    -0.115865
21.97    -0.11708
21.98    -0.118283
21.99    -0.119473
22    -0.120651
22.01    -0.121817
22.02    -0.12297
22.03    -0.12411
22.04    -0.125237
22.05    -0.126351
22.06    -0.127451
22.07    -0.128539
22.08    -0.129613
22.09    -0.130674
22.1    -0.131721
22.11    -0.132755
22.12    -0.133775
22.13    -0.134781
22.14    -0.135773
22.15    -0.136751
22.16    -0.137715
22.17    -0.138665
22.18    -0.1396
22.19    -0.140522
22.2    -0.141428
22.21    -0.14232
22.22    -0.143198
22.23    -0.14406
22.24    -0.144908
22.25    -0.145742
22.26    -0.14656
22.27    -0.147363
22.28    -0.148151
22.29    -0.148924
22.3    -0.149681
22.31    -0.150424
22.32    -0.151151
22.33    -0.151862
22.34    -0.152558
22.35    -0.153239
22.36    -0.153904
22.37    -0.154553
22.38    -0.155186
22.39    -0.155804
22.4    -0.156405
22.41    -0.156991
22.42    -0.157561
22.43    -0.158115
22.44    -0.158653
22.45    -0.159175
22.46    -0.15968
22.47    -0.16017
22.48    -0.160643
22.49    -0.1611
22.5    -0.16154
22.51    -0.161965
22.52    -0.162372
22.53    -0.162764
22.54    -0.163139
22.55    -0.163497
22.56    -0.163839
22.57    -0.164165
22.58    -0.164474
22.59    -0.164766
22.6    -0.165042
22.61    -0.165301
22.62    -0.165544
22.63    -0.165769
22.64    -0.165979
22.65    -0.166171
22.66    -0.166347
22.67    -0.166506
22.68    -0.166648
22.69    -0.166774
22.7    -0.166883
22.71    -0.166975
22.72    -0.16705
22.73    -0.167109
22.74    -0.167151
22.75    -0.167176
22.76    -0.167185
22.77    -0.167176
22.78    -0.167151
22.79    -0.16711
22.8    -0.167052
22.81    -0.166977
22.82    -0.166885
22.83    -0.166777
22.84    -0.166652
22.85    -0.16651
22.86    -0.166352
22.87    -0.166177
22.88    -0.165986
22.89    -0.165778
22.9    -0.165554
22.91    -0.165314
22.92    -0.165056
22.93    -0.164783
22.94    -0.164493
22.95    -0.164187
22.96    -0.163865
22.97    -0.163526
22.98    -0.163171
22.99    -0.1628
23    -0.162413
23.01    -0.16201
23.02    -0.16159
23.03    -0.161155
23.04    -0.160704
23.05    -0.160237
23.06    -0.159754
23.07    -0.159256
23.08    -0.158741
23.09    -0.158211
23.1    -0.157666
23.11    -0.157105
23.12    -0.156528
23.13    -0.155936
23.14    -0.155329
23.15    -0.154706
23.16    -0.154069
23.17    -0.153416
23.18    -0.152748
23.19    -0.152065
23.2    -0.151367
23.21    -0.150655
23.22    -0.149927
23.23    -0.149185
23.24    -0.148429
23.25    -0.147657
23.26    -0.146872
23.27    -0.146072
23.28    -0.145258
23.29    -0.144429
23.3    -0.143587
23.31    -0.14273
23.32    -0.14186
23.33    -0.140976
23.34    -0.140078
23.35    -0.139166
23.36    -0.138241
23.37    -0.137303
23.38    -0.136351
23.39    -0.135386
23.4    -0.134408
23.41    -0.133417
23.42    -0.132413
23.43    -0.131396
23.44    -0.130366
23.45    -0.129324
23.46    -0.128269
23.47    -0.127202
23.48    -0.126123
23.49    -0.125032
23.5    -0.123928
23.51    -0.122813
23.52    -0.121686
23.53    -0.120547
23.54    -0.119396
23.55    -0.118234
23.56    -0.117061
23.57    -0.115877
23.58    -0.114681
23.59    -0.113475
23.6    -0.112257
23.61    -0.111029
23.62    -0.109791
23.63    -0.108542
23.64    -0.107282
23.65    -0.106013
23.66    -0.104733
23.67    -0.103443
23.68    -0.102144
23.69    -0.100835
23.7    -0.0995165
23.71    -0.0981886
23.72    -0.0968514
23.73    -0.0955051
23.74    -0.0941498
23.75    -0.0927856
23.76    -0.0914128
23.77    -0.0900313
23.78    -0.0886415
23.79    -0.0872434
23.8    -0.0858371
23.81    -0.0844229
23.82    -0.0830008
23.83    -0.081571
23.84    -0.0801337
23.85    -0.0786889
23.86    -0.0772369
23.87    -0.0757778
23.88    -0.0743117
23.89    -0.0728388
23.9    -0.0713592
23.91    -0.0698732
23.92    -0.0683807
23.93    -0.066882
23.94    -0.0653773
23.95    -0.0638667
23.96    -0.0623503
23.97    -0.0608283
23.98    -0.0593009
23.99    -0.0577681
24    -0.0562303
24.01    -0.0546874
24.02    -0.0531398
24.03    -0.0515874
24.04    -0.0500306
24.05    -0.0484694
24.06    -0.046904
24.07    -0.0453345
24.08    -0.0437612
24.09    -0.0421842
24.1    -0.0406035
24.11    -0.0390195
24.12    -0.0374323
24.13    -0.0358419
24.14    -0.0342487
24.15    -0.0326527
24.16    -0.031054
24.17    -0.0294529
24.18    -0.0278496
24.19    -0.0262441
24.2    -0.0246367
24.21    -0.0230274
24.22    -0.0214166
24.23    -0.0198042
24.24    -0.0181905
24.25    -0.0165757
24.26    -0.0149599
24.27    -0.0133433
24.28    -0.011726
24.29    -0.0101081
24.3    -0.00848998
24.31    -0.00687164
24.32    -0.00525328
24.33    -0.00363505
24.34    -0.00201713
24.35    -0.00039967
24.36    0.00121717
24.37    0.00283322
24.38    0.00444832
24.39    0.00606232
24.4    0.00767505
24.41    0.00928635
24.42    0.0108961
24.43    0.012504
24.44    0.0141101
24.45    0.0157141
24.46    0.0173158
24.47    0.0189152
24.48    0.020512
24.49    0.0221062
24.5    0.0236974
24.51    0.0252857
24.52    0.0268708
24.53    0.0284525
24.54    0.0300307
24.55    0.0316054
24.56    0.0331762
24.57    0.034743
24.58    0.0363057
24.59    0.0378642
24.6    0.0394183
24.61    0.0409677
24.62    0.0425125
24.63    0.0440524
24.64    0.0455872
24.65    0.0471169
24.66    0.0486412
24.67    0.0501601
24.68    0.0516733
24.69    0.0531807
24.7    0.0546823
24.71    0.0561777
24.72    0.0576669
24.73    0.0591498
24.74    0.0606261
24.75    0.0620958
24.76    0.0635587
24.77    0.0650146
24.78    0.0664635
24.79    0.0679051
24.8    0.0693393
24.81    0.0707661
24.82    0.0721851
24.83    0.0735964
24.84    0.0749998
24.85    0.0763951
24.86    0.0777822
24.87    0.079161
24.88    0.0805313
24.89    0.081893
24.9    0.083246
24.91    0.0845901
24.92    0.0859252
24.93    0.0872512
24.94    0.0885679
24.95    0.0898752
24.96    0.0911731
24.97    0.0924612
24.98    0.0937397
24.99    0.0950082
25    0.0962668
25.01    0.0975152
25.02    0.0987534
25.03    0.0999812
25.04    0.101198
25.05    0.102405
25.06    0.103601
25.07    0.104786
25.08    0.105961
25.09    0.107124
25.1    0.108276
25.11    0.109416
25.12    0.110546
25.13    0.111663
25.14    0.11277
25.15    0.113864
25.16    0.114947
25.17    0.116017
25.18    0.117076
25.19    0.118123
25.2    0.119157
25.21    0.120179
25.22    0.121189
25.23    0.122186
25.24    0.12317
25.25    0.124142
25.26    0.125101
25.27    0.126047
25.28    0.12698
25.29    0.1279
25.3    0.128807
25.31    0.129701
25.32    0.130581
25.33    0.131448
25.34    0.132302
25.35    0.133142
25.36    0.133968
25.37    0.13478
25.38    0.135579
25.39    0.136364
25.4    0.137135
25.41    0.137892
25.42    0.138635
25.43    0.139363
25.44    0.140078
25.45    0.140778
25.46    0.141464
25.47    0.142135
25.48    0.142792
25.49    0.143434
25.5    0.144062
25.51    0.144675
25.52    0.145274
25.53    0.145857
25.54    0.146426
25.55    0.14698
25.56    0.147519
25.57    0.148044
25.58    0.148553
25.59    0.149047
25.6    0.149526
25.61    0.14999
25.62    0.150438
25.63    0.150872
25.64    0.15129
25.65    0.151693
25.66    0.15208
25.67    0.152453
25.68    0.15281
25.69    0.153151
25.7    0.153477
25.71    0.153788
25.72    0.154083
25.73    0.154362
25.74    0.154626
25.75    0.154874
25.76    0.155107
25.77    0.155324
25.78    0.155526
25.79    0.155712
25.8    0.155882
25.81    0.156037
25.82    0.156176
25.83    0.156299
25.84    0.156407
25.85    0.156499
25.86    0.156575
25.87    0.156636
25.88    0.156681
25.89    0.15671
25.9    0.156724
25.91    0.156722
25.92    0.156704
25.93    0.156671
25.94    0.156622
25.95    0.156557
25.96    0.156477
25.97    0.156381
25.98    0.156269
25.99    0.156142
26    0.155999
26.01    0.155841
26.02    0.155667
26.03    0.155478
26.04    0.155273
26.05    0.155053
26.06    0.154818
26.07    0.154567
26.08    0.1543
26.09    0.154019
26.1    0.153722
26.11    0.15341
26.12    0.153082
26.13    0.15274
26.14    0.152382
26.15    0.152009
26.16    0.151621
26.17    0.151218
26.18    0.1508
26.19    0.150368
26.2    0.14992
26.21    0.149457
26.22    0.14898
26.23    0.148488
26.24    0.147982
26.25    0.14746
26.26    0.146925
26.27    0.146375
26.28    0.14581
26.29    0.145231
26.3    0.144638
26.31    0.14403
26.32    0.143408
26.33    0.142772
26.34    0.142123
26.35    0.141459
26.36    0.140781
26.37    0.140089
26.38    0.139384
26.39    0.138665
26.4    0.137933
26.41    0.137187
26.42    0.136427
26.43    0.135654
26.44    0.134868
26.45    0.134069
26.46    0.133256
26.47    0.132431
26.48    0.131593
26.49    0.130742
26.5    0.129878
26.51    0.129001
26.52    0.128112
26.53    0.12721
26.54    0.126296
26.55    0.12537
26.56    0.124431
26.57    0.123481
26.58    0.122518
26.59    0.121544
26.6    0.120558
26.61    0.11956
26.62    0.11855
26.63    0.117529
26.64    0.116497
26.65    0.115453
26.66    0.114399
26.67    0.113333
26.68    0.112256
26.69    0.111169
26.7    0.11007
26.71    0.108962
26.72    0.107842
26.73    0.106713
26.74    0.105573
26.75    0.104423
26.76    0.103262
26.77    0.102093
26.78    0.100913
26.79    0.0997234
26.8    0.0985245
26.81    0.0973162
26.82    0.0960986
26.83    0.0948719
26.84    0.0936361
26.85    0.0923915
26.86    0.091138
26.87    0.0898759
26.88    0.0886053
26.89    0.0873263
26.9    0.0860391
26.91    0.0847437
26.92    0.0834404
26.93    0.0821291
26.94    0.0808102
26.95    0.0794837
26.96    0.0781497
26.97    0.0768084
26.98    0.0754599
26.99    0.0741044
27    0.0727419
27.01    0.0713727
27.02    0.0699969
27.03    0.0686145
27.04    0.0672259
27.05    0.065831
27.06    0.06443
27.07    0.0630232
27.08    0.0616105
27.09    0.0601922
27.1    0.0587684
27.11    0.0573393
27.12    0.0559049
27.13    0.0544655
27.14    0.0530212
27.15    0.0515721
27.16    0.0501184
27.17    0.0486602
27.18    0.0471977
27.19    0.045731
27.2    0.0442603
27.21    0.0427857
27.22    0.0413073
27.23    0.0398254
27.24    0.03834
27.25    0.0368514
27.26    0.0353596
27.27    0.0338648
27.28    0.0323671
27.29    0.0308668
27.3    0.029364
27.31    0.0278587
27.32    0.0263513
27.33    0.0248417
27.34    0.0233302
27.35    0.021817
27.36    0.0203021
27.37    0.0187857
27.38    0.017268
27.39    0.0157491
27.4    0.0142293
27.41    0.0127085
27.42    0.011187
27.43    0.00966501
27.44    0.00814256
27.45    0.00661986
27.46    0.00509705
27.47    0.00357428
27.48    0.00205171
27.49    0.000529491
27.5    -0.000992229
27.51    -0.0025133
27.52    -0.00403356
27.53    -0.00555287
27.54    -0.00707107
27.55    -0.00858801
27.56    -0.0101035
27.57    -0.0116175
27.58    -0.0131298
27.59    -0.0146402
27.6    -0.0161486
27.61    -0.0176548
27.62    -0.0191587
27.63    -0.0206602
27.64    -0.022159
27.65    -0.0236551
27.66    -0.0251483
27.67    -0.0266384
27.68    -0.0281254
27.69    -0.029609
27.7    -0.031089
27.71    -0.0325655
27.72    -0.0340381
27.73    -0.0355069
27.74    -0.0369715
27.75    -0.0384319
27.76    -0.039888
27.77    -0.0413395
27.78    -0.0427864
27.79    -0.0442285
27.8    -0.0456656
27.81    -0.0470977
27.82    -0.0485245
27.83    -0.049946
27.84    -0.0513619
27.85    -0.0527722
27.86    -0.0541768
27.87    -0.0555754
27.88    -0.056968
27.89    -0.0583543
27.9    -0.0597344
27.91    -0.0611079
27.92    -0.0624749
27.93    -0.0638351
27.94    -0.0651885
27.95    -0.0665348
27.96    -0.0678741
27.97    -0.069206
27.98    -0.0705306
27.99    -0.0718476
28    -0.073157
28.01    -0.0744586
28.02    -0.0757523
28.03    -0.077038
28.04    -0.0783155
28.05    -0.0795847
28.06    -0.0808455
28.07    -0.0820977
28.08    -0.0833414
28.09    -0.0845762
28.1    -0.0858021
28.11    -0.0870191
28.12    -0.0882269
28.13    -0.0894254
28.14    -0.0906146
28.15    -0.0917943
28.16    -0.0929644
28.17    -0.0941248
28.18    -0.0952754
28.19    -0.096416
28.2    -0.0975466
28.21    -0.098667
28.22    -0.0997772
28.23    -0.100877
28.24    -0.101966
28.25    -0.103045
28.26    -0.104113
28.27    -0.10517
28.28    -0.106217
28.29    -0.107252
28.3    -0.108277
28.31    -0.10929
28.32    -0.110291
28.33    -0.111282
28.34    -0.112261
28.35    -0.113228
28.36    -0.114184
28.37    -0.115128
28.38    -0.11606
28.39    -0.11698
28.4    -0.117889
28.41    -0.118785
28.42    -0.119669
28.43    -0.12054
28.44    -0.1214
28.45    -0.122246
28.46    -0.123081
28.47    -0.123902
28.48    -0.124711
28.49    -0.125508
28.5    -0.126291
28.51    -0.127062
28.52    -0.127819
28.53    -0.128564
28.54    -0.129295
28.55    -0.130013
28.56    -0.130718
28.57    -0.13141
28.58    -0.132088
28.59    -0.132753
28.6    -0.133405
28.61    -0.134042
28.62    -0.134666
28.63    -0.135277
28.64    -0.135874
28.65    -0.136457
28.66    -0.137026
28.67    -0.137581
28.68    -0.138122
28.69    -0.138649
28.7    -0.139163
28.71    -0.139662
28.72    -0.140147
28.73    -0.140617
28.74    -0.141074
28.75    -0.141516
28.76    -0.141944
28.77    -0.142358
28.78    -0.142757
28.79    -0.143142
28.8    -0.143512
28.81    -0.143868
28.82    -0.14421
28.83    -0.144537
28.84    -0.144849
28.85    -0.145147
28.86    -0.14543
28.87    -0.145698
28.88    -0.145952
28.89    -0.146191
28.9    -0.146416
28.91    -0.146626
28.92    -0.146821
28.93    -0.147001
28.94    -0.147166
28.95    -0.147317
28.96    -0.147453
28.97    -0.147574
28.98    -0.14768
28.99    -0.147772
29    -0.147849
29.01    -0.147911
29.02    -0.147958
29.03    -0.14799
29.04    -0.148008
29.05    -0.14801
29.06    -0.147998
29.07    -0.147971
29.08    -0.14793
29.09    -0.147873
29.1    -0.147802
29.11    -0.147716
29.12    -0.147615
29.13    -0.1475
29.14    -0.14737
29.15    -0.147225
29.16    -0.147066
29.17    -0.146891
29.18    -0.146703
29.19    -0.146499
29.2    -0.146281
29.21    -0.146049
29.22    -0.145802
29.23    -0.14554
29.24    -0.145264
29.25    -0.144974
29.26    -0.144669
29.27    -0.14435
29.28    -0.144016
29.29    -0.143669
29.3    -0.143307
29.31    -0.14293
29.32    -0.14254
29.33    -0.142135
29.34    -0.141717
29.35    -0.141284
29.36    -0.140838
29.37    -0.140377
29.38    -0.139903
29.39    -0.139415
29.4    -0.138913
29.41    -0.138397
29.42    -0.137867
29.43    -0.137324
29.44    -0.136768
29.45    -0.136198
29.46    -0.135615
29.47    -0.135018
29.48    -0.134408
29.49    -0.133784
29.5    -0.133148
29.51    -0.132498
29.52    -0.131836
29.53    -0.13116
29.54    -0.130472
29.55    -0.12977
29.56    -0.129056
29.57    -0.12833
29.58    -0.12759
29.59    -0.126839
29.6    -0.126075
29.61    -0.125298
29.62    -0.124509
29.63    -0.123708
29.64    -0.122895
29.65    -0.12207
29.66    -0.121233
29.67    -0.120384
29.68    -0.119524
29.69    -0.118651
29.7    -0.117768
29.71    -0.116872
29.72    -0.115966
29.73    -0.115048
29.74    -0.114118
29.75    -0.113178
29.76    -0.112227
29.77    -0.111265
29.78    -0.110292
29.79    -0.109308
29.8    -0.108314
29.81    -0.107309
29.82    -0.106294
29.83    -0.105268
29.84    -0.104233
29.85    -0.103187
29.86    -0.102131
29.87    -0.101066
29.88    -0.0999905
29.89    -0.0989056
29.9    -0.0978112
29.91    -0.0967073
29.92    -0.0955941
29.93    -0.0944718
29.94    -0.0933404
29.95    -0.0922
29.96    -0.0910508
29.97    -0.0898929
29.98    -0.0887264
29.99    -0.0875514
30    -0.086368
30.01    -0.0851764
30.02    -0.0839766
30.03    -0.0827689
30.04    -0.0815533
30.05    -0.08033
30.06    -0.079099
30.07    -0.0778605
30.08    -0.0766147
30.09    -0.0753616
30.1    -0.0741014
30.11    -0.0728342
30.12    -0.0715601
30.13    -0.0702793
30.14    -0.0689919
30.15    -0.0676981
30.16    -0.0663978
30.17    -0.0650914
30.18    -0.0637789
30.19    -0.0624605
30.2    -0.0611363
30.21    -0.0598064
30.22    -0.0584709
30.23    -0.0571301
30.24    -0.0557839
30.25    -0.0544327
30.26    -0.0530764
30.27    -0.0517153
30.28    -0.0503495
30.29    -0.0489791
30.3    -0.0476042
30.31    -0.046225
30.32    -0.0448417
30.33    -0.0434543
30.34    -0.0420631
30.35    -0.0406681
30.36    -0.0392695
30.37    -0.0378674
30.38    -0.036462
30.39    -0.0350535
30.4    -0.0336418
30.41    -0.0322273
30.42    -0.0308101
30.43    -0.0293902
30.44    -0.0279678
30.45    -0.0265431
30.46    -0.0251162
30.47    -0.0236873
30.48    -0.0222565
30.49    -0.0208239
30.5    -0.0193898
30.51    -0.0179541
30.52    -0.0165171
30.53    -0.015079
30.54    -0.0136398
30.55    -0.0121997
30.56    -0.0107588
30.57    -0.0093174
30.58    -0.0078755
30.59    -0.00643329
30.6    -0.0049909
30.61    -0.00354848
30.62    -0.00210618
30.63    -0.000664144
30.64    0.000777492
30.65    0.00221858
30.66    0.00365897
30.67    0.00509853
30.68    0.00653711
30.69    0.00797457
30.7    0.00941076
30.71    0.0108455
30.72    0.0122788
30.73    0.0137103
30.74    0.01514
30.75    0.0165677
30.76    0.0179933
30.77    0.0194167
30.78    0.0208376
30.79    0.022256
30.8    0.0236717
30.81    0.0250846
30.82    0.0264945
30.83    0.0279013
30.84    0.0293049
30.85    0.030705
30.86    0.0321017
30.87    0.0334947
30.88    0.0348839
30.89    0.0362691
30.9    0.0376503
30.91    0.0390273
30.92    0.0403999
30.93    0.041768
30.94    0.0431315
30.95    0.0444903
30.96    0.0458442
30.97    0.047193
30.98    0.0485367
30.99    0.0498751
31    0.0512081
31.01    0.0525356
31.02    0.0538574
31.03    0.0551733
31.04    0.0564833
31.05    0.0577873
31.06    0.059085
31.07    0.0603764
31.08    0.0616614
31.09    0.0629398
31.1    0.0642115
31.11    0.0654763
31.12    0.0667343
31.13    0.0679851
31.14    0.0692287
31.15    0.070465
31.16    0.0716939
31.17    0.0729152
31.18    0.0741288
31.19    0.0753346
31.2    0.0765325
31.21    0.0777224
31.22    0.0789041
31.23    0.0800776
31.24    0.0812426
31.25    0.0823992
31.26    0.0835472
31.27    0.0846864
31.28    0.0858168
31.29    0.0869383
31.3    0.0880507
31.31    0.089154
31.32    0.0902479
31.33    0.0913326
31.34    0.0924077
31.35    0.0934733
31.36    0.0945291
31.37    0.0955752
31.38    0.0966114
31.39    0.0976376
31.4    0.0986537
31.41    0.0996597
31.42    0.100655
31.43    0.101641
31.44    0.102615
31.45    0.10358
31.46    0.104533
31.47    0.105476
31.48    0.106408
31.49    0.107329
31.5    0.108239
31.51    0.109138
31.52    0.110026
31.53    0.110902
31.54    0.111767
31.55    0.112621
31.56    0.113463
31.57    0.114293
31.58    0.115112
31.59    0.115919
31.6    0.116714
31.61    0.117497
31.62    0.118268
31.63    0.119028
31.64    0.119775
31.65    0.120509
31.66    0.121232
31.67    0.121942
31.68    0.12264
31.69    0.123325
31.7    0.123998
31.71    0.124658
31.72    0.125305
31.73    0.12594
31.74    0.126562
31.75    0.127171
31.76    0.127767
31.77    0.128351
31.78    0.128921
31.79    0.129478
31.8    0.130022
31.81    0.130553
31.82    0.13107
31.83    0.131575
31.84    0.132066
31.85    0.132543
31.86    0.133008
31.87    0.133458
31.88    0.133896
31.89    0.13432
31.9    0.13473
31.91    0.135126
31.92    0.13551
31.93    0.135879
31.94    0.136235
31.95    0.136576
31.96    0.136905
31.97    0.137219
31.98    0.137519
31.99    0.137806
32    0.138079
32.01    0.138338
32.02    0.138583
32.03    0.138814
32.04    0.139031
32.05    0.139234
32.06    0.139424
32.07    0.139599
32.08    0.13976
32.09    0.139907
32.1    0.14004
32.11    0.140159
32.12    0.140264
32.13    0.140355
32.14    0.140432
32.15    0.140495
32.16    0.140544
32.17    0.140579
32.18    0.140599
32.19    0.140606
32.2    0.140598
32.21    0.140577
32.22    0.140541
32.23    0.140492
32.24    0.140428
32.25    0.14035
32.26    0.140259
32.27    0.140153
32.28    0.140033
32.29    0.1399
32.3    0.139752
32.31    0.139591
32.32    0.139415
32.33    0.139226
32.34    0.139023
32.35    0.138806
32.36    0.138575
32.37    0.13833
32.38    0.138072
32.39    0.1378
32.4    0.137514
32.41    0.137215
32.42    0.136902
32.43    0.136575
32.44    0.136235
32.45    0.135881
32.46    0.135514
32.47    0.135133
32.48    0.134739
32.49    0.134332
32.5    0.133911
32.51    0.133477
32.52    0.13303
32.53    0.13257
32.54    0.132096
32.55    0.13161
32.56    0.131111
32.57    0.130598
32.58    0.130073
32.59    0.129535
32.6    0.128984
32.61    0.12842
32.62    0.127843
32.63    0.127254
32.64    0.126653
32.65    0.126039
32.66    0.125413
32.67    0.124774
32.68    0.124123
32.69    0.12346
32.7    0.122784
32.71    0.122097
32.72    0.121397
32.73    0.120686
32.74    0.119963
32.75    0.119228
32.76    0.118481
32.77    0.117723
32.78    0.116953
32.79    0.116171
32.8    0.115379
32.81    0.114575
32.82    0.113759
32.83    0.112933
32.84    0.112096
32.85    0.111247
32.86    0.110388
32.87    0.109518
32.88    0.108638
32.89    0.107746
32.9    0.106845
32.91    0.105933
32.92    0.10501
32.93    0.104077
32.94    0.103135
32.95    0.102182
32.96    0.101219
32.97    0.100246
32.98    0.0992641
32.99    0.0982721
33    0.0972707
33.01    0.0962598
33.02    0.0952396
33.03    0.0942102
33.04    0.0931716
33.05    0.0921241
33.06    0.0910677
33.07    0.0900025
33.08    0.0889286
33.09    0.0878461
33.1    0.0867552
33.11    0.0856559
33.12    0.0845485
33.13    0.0834328
33.14    0.0823092
33.15    0.0811777
33.16    0.0800385
33.17    0.0788915
33.18    0.077737
33.19    0.0765751
33.2    0.0754059
33.21    0.0742295
33.22    0.0730461
33.23    0.0718557
33.24    0.0706584
33.25    0.0694545
33.26    0.0682439
33.27    0.067027
33.28    0.0658036
33.29    0.0645741
33.3    0.0633385
33.31    0.0620969
33.32    0.0608495
33.33    0.0595964
33.34    0.0583376
33.35    0.0570735
33.36    0.055804
33.37    0.0545293
33.38    0.0532495
33.39    0.0519648
33.4    0.0506753
33.41    0.0493811
33.42    0.0480824
33.43    0.0467792
33.44    0.0454718
33.45    0.0441602
33.46    0.0428445
33.47    0.041525
33.48    0.0402017
33.49    0.0388748
33.5    0.0375444
33.51    0.0362107
33.52    0.0348737
33.53    0.0335337
33.54    0.0321906
33.55    0.0308448
33.56    0.0294963
33.57    0.0281452
33.58    0.0267918
33.59    0.025436
33.6    0.0240781
33.61    0.0227182
33.62    0.0213565
33.63    0.019993
33.64    0.0186279
33.65    0.0172614
33.66    0.0158935
33.67    0.0145245
33.68    0.0131544
33.69    0.0117834
33.7    0.0104116
33.71    0.0090392
33.72    0.0076663
33.73    0.00629304
33.74    0.00491956
33.75    0.003546
33.76    0.00217249
33.77    0.000799162
33.78    -0.000573835
33.79    -0.00194637
33.8    -0.0033183
33.81    -0.00468949
33.82    -0.00605981
33.83    -0.00742912
33.84    -0.00879728
33.85    -0.0101642
33.86    -0.0115296
33.87    -0.0128935
33.88    -0.0142557
33.89    -0.0156161
33.9    -0.0169745
33.91    -0.0183309
33.92    -0.0196849
33.93    -0.0210367
33.94    -0.0223859
33.95    -0.0237325
33.96    -0.0250763
33.97    -0.0264172
33.98    -0.0277551
33.99    -0.0290898
34    -0.0304212
34.01    -0.0317492
34.02    -0.0330736
34.03    -0.0343943
34.04    -0.0357112
34.05    -0.0370241
34.06    -0.0383329
34.07    -0.0396376
34.08    -0.0409378
34.09    -0.0422336
34.1    -0.0435248
34.11    -0.0448113
34.12    -0.0460929
34.13    -0.0473696
34.14    -0.0486411
34.15    -0.0499074
34.16    -0.0511683
34.17    -0.0524237
34.18    -0.0536735
34.19    -0.0549176
34.2    -0.0561559
34.21    -0.0573881
34.22    -0.0586143
34.23    -0.0598343
34.24    -0.0610479
34.25    -0.062255
34.26    -0.0634556
34.27    -0.0646495
34.28    -0.0658365
34.29    -0.0670167
34.3    -0.0681898
34.31    -0.0693557
34.32    -0.0705143
34.33    -0.0716656
34.34    -0.0728094
34.35    -0.0739455
34.36    -0.075074
34.37    -0.0761946
34.38    -0.0773072
34.39    -0.0784118
34.4    -0.0795083
34.41    -0.0805964
34.42    -0.0816762
34.43    -0.0827476
34.44    -0.0838103
34.45    -0.0848643
34.46    -0.0859096
34.47    -0.0869459
34.48    -0.0879733
34.49    -0.0889916
34.5    -0.0900007
34.51    -0.0910004
34.52    -0.0919908
34.53    -0.0929718
34.54    -0.0939431
34.55    -0.0949048
34.56    -0.0958566
34.57    -0.0967987
34.58    -0.0977308
34.59    -0.0986528
34.6    -0.0995647
34.61    -0.100466
34.62    -0.101358
34.63    -0.102239
34.64    -0.103109
34.65    -0.103969
34.66    -0.104819
34.67    -0.105657
34.68    -0.106485
34.69    -0.107302
34.7    -0.108108
34.71    -0.108903
34.72    -0.109686
34.73    -0.110459
34.74    -0.11122
34.75    -0.11197
34.76    -0.112709
34.77    -0.113436
34.78    -0.114152
34.79    -0.114855
34.8    -0.115548
34.81    -0.116228
34.82    -0.116897
34.83    -0.117554
34.84    -0.118198
34.85    -0.118831
34.86    -0.119452
34.87    -0.120061
34.88    -0.120657
34.89    -0.121241
34.9    -0.121813
34.91    -0.122373
34.92    -0.12292
34.93    -0.123455
34.94    -0.123977
34.95    -0.124487
34.96    -0.124984
34.97    -0.125468
34.98    -0.12594
34.99    -0.126399
35    -0.126846
35.01    -0.127279
35.02    -0.1277
35.03    -0.128108
35.04    -0.128502
35.05    -0.128884
35.06    -0.129253
35.07    -0.129609
35.08    -0.129952
35.09    -0.130282
35.1    -0.130598
35.11    -0.130902
35.12    -0.131192
35.13    -0.131469
35.14    -0.131733
35.15    -0.131983
35.16    -0.132221
35.17    -0.132445
35.18    -0.132655
35.19    -0.132853
35.2    -0.133037
35.21    -0.133207
35.22    -0.133365
35.23    -0.133509
35.24    -0.133639
35.25    -0.133757
35.26    -0.13386
35.27    -0.133951
35.28    -0.134028
35.29    -0.134091
35.3    -0.134141
35.31    -0.134178
35.32    -0.134201
35.33    -0.134211
35.34    -0.134207
35.35    -0.13419
35.36    -0.13416
35.37    -0.134116
35.38    -0.134059
35.39    -0.133988
35.4    -0.133904
35.41    -0.133807
35.42    -0.133696
35.43    -0.133572
35.44    -0.133435
35.45    -0.133284
35.46    -0.13312
35.47    -0.132943
35.48    -0.132752
35.49    -0.132548
35.5    -0.132332
35.51    -0.132102
35.52    -0.131858
35.53    -0.131602
35.54    -0.131333
35.55    -0.13105
35.56    -0.130755
35.57    -0.130446
35.58    -0.130125
35.59    -0.12979
35.6    -0.129443
35.61    -0.129083
35.62    -0.12871
35.63    -0.128325
35.64    -0.127926
35.65    -0.127515
35.66    -0.127091
35.67    -0.126655
35.68    -0.126206
35.69    -0.125745
35.7    -0.125271
35.71    -0.124785
35.72    -0.124287
35.73    -0.123776
35.74    -0.123253
35.75    -0.122718
35.76    -0.12217
35.77    -0.121611
35.78    -0.12104
35.79    -0.120456
35.8    -0.119861
35.81    -0.119254
35.82    -0.118635
35.83    -0.118005
35.84    -0.117363
35.85    -0.116709
35.86    -0.116044
35.87    -0.115368
35.88    -0.11468
35.89    -0.113981
35.9    -0.11327
35.91    -0.112549
35.92    -0.111816
35.93    -0.111073
35.94    -0.110318
35.95    -0.109553
35.96    -0.108777
35.97    -0.10799
35.98    -0.107193
35.99    -0.106386
36    -0.105567
36.01    -0.104739
36.02    -0.1039
36.03    -0.103051
36.04    -0.102192
36.05    -0.101324
36.06    -0.100445
36.07    -0.0995562
36.08    -0.0986579
36.09    -0.09775
36.1    -0.0968326
36.11    -0.0959057
36.12    -0.0949696
36.13    -0.0940241
36.14    -0.0930696
36.15    -0.092106
36.16    -0.0911334
36.17    -0.090152
36.18    -0.0891619
36.19    -0.0881631
36.2    -0.0871558
36.21    -0.08614
36.22    -0.085116
36.23    -0.0840837
36.24    -0.0830432
36.25    -0.0819948
36.26    -0.0809384
36.27    -0.0798743
36.28    -0.0788024
36.29    -0.077723
36.3    -0.0766361
36.31    -0.0755418
36.32    -0.0744403
36.33    -0.0733316
36.34    -0.0722159
36.35    -0.0710933
36.36    -0.0699639
36.37    -0.0688278
36.38    -0.0676852
36.39    -0.066536
36.4    -0.0653806
36.41    -0.0642189
36.42    -0.0630512
36.43    -0.0618774
36.44    -0.0606978
36.45    -0.0595124
36.46    -0.0583214
36.47    -0.0571249
36.48    -0.0559231
36.49    -0.0547159
36.5    -0.0535036
36.51    -0.0522863
36.52    -0.0510642
36.53    -0.0498372
36.54    -0.0486056
36.55    -0.0473694
36.56    -0.0461289
36.57    -0.0448841
36.58    -0.0436352
36.59    -0.0423822
36.6    -0.0411253
36.61    -0.0398647
36.62    -0.0386004
36.63    -0.0373326
36.64    -0.0360614
36.65    -0.034787
36.66    -0.0335094
36.67    -0.0322289
36.68    -0.0309454
36.69    -0.0296592
36.7    -0.0283704
36.71    -0.0270791
36.72    -0.0257855
36.73    -0.0244896
36.74    -0.0231917
36.75    -0.0218917
36.76    -0.02059
36.77    -0.0192865
36.78    -0.0179815
36.79    -0.016675
36.8    -0.0153672
36.81    -0.0140582
36.82    -0.0127481
36.83    -0.0114372
36.84    -0.0101255
36.85    -0.00881307
36.86    -0.00750015
36.87    -0.00618683
36.88    -0.00487326
36.89    -0.00355955
36.9    -0.00224585
36.91    -0.00093227
36.92    0.000381042
36.93    0.00169396
36.94    0.00300635
36.95    0.00431809
36.96    0.00562904
36.97    0.00693908
36.98    0.00824806
36.99    0.00955587
37    0.0108624
37.01    0.0121674
37.02    0.0134709
37.03    0.0147727
37.04    0.0160727
37.05    0.0173707
37.06    0.0186666
37.07    0.0199603
37.08    0.0212517
37.09    0.0225405
37.1    0.0238268
37.11    0.0251104
37.12    0.0263911
37.13    0.0276688
37.14    0.0289434
37.15    0.0302148
37.16    0.0314828
37.17    0.0327473
37.18    0.0340082
37.19    0.0352653
37.2    0.0365186
37.21    0.0377679
37.22    0.0390131
37.23    0.0402541
37.24    0.0414907
37.25    0.0427228
37.26    0.0439503
37.27    0.0451731
37.28    0.0463911
37.29    0.0476041
37.3    0.048812
37.31    0.0500147
37.32    0.051212
37.33    0.052404
37.34    0.0535903
37.35    0.054771
37.36    0.0559459
37.37    0.0571149
37.38    0.0582779
37.39    0.0594347
37.4    0.0605853
37.41    0.0617295
37.42    0.0628673
37.43    0.0639984
37.44    0.0651229
37.45    0.0662405
37.46    0.0673512
37.47    0.0684549
37.48    0.0695515
37.49    0.0706408
37.5    0.0717227
37.51    0.0727972
37.52    0.0738641
37.53    0.0749234
37.54    0.0759748
37.55    0.0770184
37.56    0.0780541
37.57    0.0790816
37.58    0.080101
37.59    0.0811121
37.6    0.0821148
37.61    0.083109
37.62    0.0840946
37.63    0.0850716
37.64    0.0860398
37.65    0.0869992
37.66    0.0879496
37.67    0.0888909
37.68    0.0898232
37.69    0.0907462
37.7    0.0916598
37.71    0.0925641
37.72    0.0934589
37.73    0.0943441
37.74    0.0952196
37.75    0.0960853
37.76    0.0969413
37.77    0.0977873
37.78    0.0986233
37.79    0.0994492
37.8    0.100265
37.81    0.101071
37.82    0.101866
37.83    0.102651
37.84    0.103425
37.85    0.104189
37.86    0.104942
37.87    0.105684
37.88    0.106416
37.89    0.107137
37.9    0.107847
37.91    0.108546
37.92    0.109234
37.93    0.109911
37.94    0.110577
37.95    0.111231
37.96    0.111874
37.97    0.112506
37.98    0.113126
37.99    0.113735
38    0.114333
38.01    0.114919
38.02    0.115493
38.03    0.116055
38.04    0.116606
38.05    0.117145
38.06    0.117672
38.07    0.118187
38.08    0.11869
38.09    0.119181
38.1    0.119661
38.11    0.120128
38.12    0.120583
38.13    0.121025
38.14    0.121456
38.15    0.121874
38.16    0.12228
38.17    0.122674
38.18    0.123055
38.19    0.123424
38.2    0.123781
38.21    0.124124
38.22    0.124456
38.23    0.124775
38.24    0.125081
38.25    0.125375
38.26    0.125656
38.27    0.125925
38.28    0.126181
38.29    0.126424
38.3    0.126654
38.31    0.126872
38.32    0.127077
38.33    0.12727
38.34    0.127449
38.35    0.127616
38.36    0.12777
38.37    0.127911
38.38    0.128039
38.39    0.128154
38.4    0.128257
38.41    0.128347
38.42    0.128424
38.43    0.128488
38.44    0.128539
38.45    0.128577
38.46    0.128603
38.47    0.128615
38.48    0.128615
38.49    0.128602
38.5    0.128576
38.51    0.128537
38.52    0.128485
38.53    0.128421
38.54    0.128343
38.55    0.128253
38.56    0.12815
38.57    0.128034
38.58    0.127906
38.59    0.127764
38.6    0.12761
38.61    0.127444
38.62    0.127264
38.63    0.127072
38.64    0.126867
38.65    0.12665
38.66    0.12642
38.67    0.126177
38.68    0.125922
38.69    0.125654
38.7    0.125374
38.71    0.125082
38.72    0.124777
38.73    0.124459
38.74    0.124129
38.75    0.123787
38.76    0.123433
38.77    0.123066
38.78    0.122687
38.79    0.122296
38.8    0.121893
38.81    0.121478
38.82    0.12105
38.83    0.120611
38.84    0.12016
38.85    0.119697
38.86    0.119222
38.87    0.118735
38.88    0.118236
38.89    0.117726
38.9    0.117204
38.91    0.116671
38.92    0.116126
38.93    0.115569
38.94    0.115001
38.95    0.114422
38.96    0.113831
38.97    0.11323
38.98    0.112617
38.99    0.111993
39    0.111358
39.01    0.110712
39.02    0.110055
39.03    0.109387
39.04    0.108708
39.05    0.108019
39.06    0.107319
39.07    0.106609
39.08    0.105888
39.09    0.105157
39.1    0.104415
39.11    0.103663
39.12    0.102901
39.13    0.102129
39.14    0.101347
39.15    0.100555
39.16    0.0997529
39.17    0.0989412
39.18    0.0981198
39.19    0.0972888
39.2    0.0964483
39.21    0.0955983
39.22    0.0947391
39.23    0.0938705
39.24    0.0929928
39.25    0.0921061
39.26    0.0912103
39.27    0.0903057
39.28    0.0893922
39.29    0.0884701
39.3    0.0875393
39.31    0.0866
39.32    0.0856523
39.33    0.0846963
39.34    0.0837321
39.35    0.0827597
39.36    0.0817793
39.37    0.0807909
39.38    0.0797948
39.39    0.0787909
39.4    0.0777794
39.41    0.0767604
39.42    0.0757339
39.43    0.0747002
39.44    0.0736592
39.45    0.0726112
39.46    0.0715561
39.47    0.0704942
39.48    0.0694254
39.49    0.0683501
39.5    0.0672681
39.51    0.0661797
39.52    0.0650849
39.53    0.063984
39.54    0.0628769
39.55    0.0617638
39.56    0.0606448
39.57    0.05952
39.58    0.0583895
39.59    0.0572535
39.6    0.0561121
39.61    0.0549653
39.62    0.0538134
39.63    0.0526563
39.64    0.0514943
39.65    0.0503274
39.66    0.0491558
39.67    0.0479795
39.68    0.0467988
39.69    0.0456137
39.7    0.0444243
39.71    0.0432308
39.72    0.0420332
39.73    0.0408317
39.74    0.0396265
39.75    0.0384176
39.76    0.0372052
39.77    0.0359894
39.78    0.0347702
39.79    0.0335479
39.8    0.0323226
39.81    0.0310943
39.82    0.0298632
39.83    0.0286294
39.84    0.0273931
39.85    0.0261544
39.86    0.0249134
39.87    0.0236701
39.88    0.0224249
39.89    0.0211777
39.9    0.0199286
39.91    0.018678
39.92    0.0174257
39.93    0.016172
39.94    0.0149171
39.95    0.0136609
39.96    0.0124037
39.97    0.0111456
39.98    0.00988665
39.99    0.00862704
40    0.00736689
