0	0.119946	-0.0106976
0.01	0.119786	-0.0213612
0.02	0.119519	-0.0319811
0.03	0.119147	-0.0425482
0.04	0.118669	-0.0530531
0.05	0.118086	-0.0634865
0.06	0.117399	-0.0738393
0.07	0.116609	-0.0841026
0.08	0.115717	-0.0942673
0.09	0.114724	-0.104325
0.1	0.113631	-0.114266
0.11	0.11244	-0.124082
0.12	0.11115	-0.133765
0.13	0.109765	-0.143307
0.14	0.108285	-0.152699
0.15	0.106711	-0.161934
0.16	0.105046	-0.171003
0.17	0.103292	-0.179898
0.18	0.101449	-0.188613
0.19	0.0995201	-0.197139
0.2	0.0975069	-0.20547
0.21	0.0954114	-0.213599
0.22	0.0932356	-0.221519
0.23	0.0909817	-0.229223
0.24	0.0886519	-0.236705
0.25	0.0862484	-0.243959
0.26	0.0837735	-0.250978
0.27	0.0812296	-0.257758
0.28	0.0786192	-0.264293
0.29	0.0759446	-0.270576
0.3	0.0732085	-0.276604
0.31	0.0704134	-0.282372
0.32	0.0675619	-0.287874
0.33	0.0646568	-0.293108
0.34	0.0617007	-0.298068
0.35	0.0586964	-0.302751
0.36	0.0556466	-0.307153
0.37	0.0525542	-0.311271
0.38	0.0494221	-0.315102
0.39	0.0462532	-0.318644
0.4	0.0430502	-0.321893
0.41	0.0398163	-0.324848
0.42	0.0365543	-0.327506
0.43	0.0332672	-0.329867
0.44	0.0299579	-0.331928
0.45	0.0266296	-0.333688
0.46	0.0232852	-0.335146
0.47	0.0199277	-0.336303
0.48	0.0165601	-0.337157
0.49	0.0131856	-0.337708
0.5	0.00980697	-0.337958
0.51	0.00642741	-0.337905
0.52	0.00304988	-0.337551
0.53	-0.000322614	-0.336897
0.54	-0.00368707	-0.335944
0.55	-0.00704051	-0.334694
0.56	-0.01038	-0.333148
0.57	-0.0137025	-0.331309
0.58	-0.0170052	-0.329179
0.59	-0.0202851	-0.32676
0.6	-0.0235394	-0.324055
0.61	-0.0267653	-0.321068
0.62	-0.0299598	-0.317801
0.63	-0.0331204	-0.314259
0.64	-0.0362441	-0.310444
0.65	-0.0393284	-0.306362
0.66	-0.0423705	-0.302015
0.67	-0.0453678	-0.29741
0.68	-0.0483178	-0.292549
0.69	-0.051218	-0.28744
0.7	-0.0540658	-0.282085
0.71	-0.0568589	-0.276492
0.72	-0.0595948	-0.270664
0.73	-0.0622714	-0.264609
0.74	-0.0648863	-0.258332
0.75	-0.0674373	-0.251839
0.76	-0.0699224	-0.245137
0.77	-0.0723394	-0.238231
0.78	-0.0746863	-0.231129
0.79	-0.0769613	-0.223837
0.8	-0.0791625	-0.216362
0.81	-0.081288	-0.208711
0.82	-0.0833361	-0.200892
0.83	-0.0853053	-0.192912
0.84	-0.0871938	-0.184778
0.85	-0.0890003	-0.176498
0.86	-0.0907233	-0.16808
0.87	-0.0923615	-0.159531
0.88	-0.0939136	-0.15086
0.89	-0.0953783	-0.142074
0.9	-0.0967547	-0.133182
0.91	-0.0980416	-0.124191
0.92	-0.0992382	-0.11511
0.93	-0.100344	-0.105948
0.94	-0.101357	-0.0967116
0.95	-0.102278	-0.0874107
0.96	-0.103105	-0.0780532
0.97	-0.103838	-0.0686476
0.98	-0.104478	-0.0592024
0.99	-0.105022	-0.0497262
1	-0.105472	-0.0402273
1.01	-0.105827	-0.0307145
1.02	-0.106086	-0.0211961
1.03	-0.106251	-0.0116807
1.04	-0.10632	-0.00217668
1.05	-0.106294	0.00730741
1.06	-0.106174	0.0167632
1.07	-0.105959	0.0261823
1.08	-0.105651	0.0355564
1.09	-0.105248	0.0448773
1.1	-0.104753	0.0541368
1.11	-0.104166	0.0633267
1.12	-0.103487	0.0724391
1.13	-0.102717	0.0814659
1.14	-0.101858	0.0903994
1.15	-0.10091	0.0992318
1.16	-0.0998737	0.107955
1.17	-0.098751	0.116563
1.18	-0.0975428	0.125046
1.19	-0.0962505	0.133399
1.2	-0.0948753	0.141614
1.21	-0.0934187	0.149683
1.22	-0.0918822	0.1576
1.23	-0.0902672	0.165359
1.24	-0.0885755	0.172953
1.25	-0.0868088	0.180374
1.26	-0.0849686	0.187618
1.27	-0.083057	0.194678
1.28	-0.0810757	0.201549
1.29	-0.0790267	0.208224
1.3	-0.0769119	0.214697
1.31	-0.0747334	0.220965
1.32	-0.0724933	0.227021
1.33	-0.0701937	0.232861
1.34	-0.0678368	0.23848
1.35	-0.0654249	0.243873
1.36	-0.0629601	0.249037
1.37	-0.0604449	0.253966
1.38	-0.0578816	0.258658
1.39	-0.0552726	0.263108
1.4	-0.0526203	0.267314
1.41	-0.0499271	0.271272
1.42	-0.0471956	0.274979
1.43	-0.0444284	0.278432
1.44	-0.0416279	0.281629
1.45	-0.0387967	0.284567
1.46	-0.0359374	0.287245
1.47	-0.0330526	0.289661
1.48	-0.0301451	0.291813
1.49	-0.0272173	0.2937
1.5	-0.0242719	0.295321
1.51	-0.0213117	0.296674
1.52	-0.0183393	0.297761
1.53	-0.0153574	0.298579
1.54	-0.0123687	0.299129
1.55	-0.00937574	0.299411
1.56	-0.00638134	0.299425
1.57	-0.00338813	0.299173
1.58	-0.000398768	0.298654
1.59	0.00258408	0.297871
1.6	0.00555777	0.296823
1.61	0.00851967	0.295514
1.62	0.0114672	0.293944
1.63	0.0143977	0.292115
1.64	0.0173086	0.29003
1.65	0.0201974	0.287692
1.66	0.0230616	0.285102
1.67	0.0258987	0.282264
1.68	0.0287061	0.279181
1.69	0.0314815	0.275856
1.7	0.0342224	0.272293
1.71	0.0369266	0.268496
1.72	0.0395916	0.264467
1.73	0.0422151	0.260212
1.74	0.0447951	0.255735
1.75	0.0473291	0.25104
1.76	0.0498152	0.246133
1.77	0.0522511	0.241017
1.78	0.0546348	0.235697
1.79	0.0569644	0.23018
1.8	0.0592378	0.224471
1.81	0.0614532	0.218574
1.82	0.0636087	0.212496
1.83	0.0657025	0.206243
1.84	0.067733	0.19982
1.85	0.0696984	0.193234
1.86	0.0715971	0.18649
1.87	0.0734277	0.179596
1.88	0.0751885	0.172558
1.89	0.0768784	0.165381
1.9	0.0784957	0.158074
1.91	0.0800394	0.150643
1.92	0.0815082	0.143095
1.93	0.082901	0.135436
1.94	0.0842166	0.127674
1.95	0.0854541	0.119816
1.96	0.0866126	0.11187
1.97	0.0876912	0.103842
1.98	0.0886892	0.0957393
1.99	0.0896058	0.0875703
2	0.0904404	0.079342
2.01	0.0911925	0.0710619
2.02	0.0918615	0.0627375
2.03	0.0924471	0.0543762
2.04	0.0929489	0.0459857
2.05	0.0933667	0.0375734
2.06	0.0937003	0.029147
2.07	0.0939497	0.020714
2.08	0.0941146	0.0122818
2.09	0.0941953	0.00385809
2.1	0.0941918	-0.00454972
2.11	0.0941044	-0.0129341
2.12	0.0939333	-0.0212878
2.13	0.0936788	-0.0296033
2.14	0.0933414	-0.0378732
2.15	0.0929215	-0.0460904
2.16	0.0924197	-0.0542477
2.17	0.0918368	-0.0623378
2.18	0.0911732	-0.0703538
2.19	0.0904299	-0.0782886
2.2	0.0896078	-0.0861355
2.21	0.0887076	-0.0938874
2.22	0.0877303	-0.101538
2.23	0.0866772	-0.10908
2.24	0.0855491	-0.116508
2.25	0.0843474	-0.123815
2.26	0.0830732	-0.130995
2.27	0.081728	-0.138041
2.28	0.0803129	-0.144948
2.29	0.0788295	-0.15171
2.3	0.0772792	-0.158322
2.31	0.0756636	-0.164776
2.32	0.0739842	-0.17107
2.33	0.0722427	-0.177196
2.34	0.0704408	-0.18315
2.35	0.0685803	-0.188927
2.36	0.0666629	-0.194523
2.37	0.0646905	-0.199932
2.38	0.0626649	-0.205151
2.39	0.0605881	-0.210174
2.4	0.0584621	-0.214999
2.41	0.0562888	-0.219621
2.42	0.0540703	-0.224037
2.43	0.0518088	-0.228242
2.44	0.0495062	-0.232235
2.45	0.0471648	-0.236011
2.46	0.0447867	-0.239568
2.47	0.0423742	-0.242904
2.48	0.0399294	-0.246015
2.49	0.0374546	-0.2489
2.5	0.0349522	-0.251556
2.51	0.0324243	-0.253982
2.52	0.0298733	-0.256176
2.53	0.0273015	-0.258136
2.54	0.0247113	-0.259862
2.55	0.0221051	-0.261352
2.56	0.0194851	-0.262606
2.57	0.0168538	-0.263623
2.58	0.0142134	-0.264402
2.59	0.0115665	-0.264944
2.6	0.00891535	-0.265248
2.61	0.00626233	-0.265315
2.62	0.00360983	-0.265146
2.63	0.0009602	-0.26474
2.64	-0.0016842	-0.2641
2.65	-0.00432102	-0.263225
2.66	-0.00694793	-0.262118
2.67	-0.00956261	-0.26078
2.68	-0.0121628	-0.259212
2.69	-0.0147461	-0.257417
2.7	-0.0173103	-0.255396
2.71	-0.0198533	-0.253152
2.72	-0.0223727	-0.250688
2.73	-0.0248663	-0.248006
2.74	-0.0273321	-0.245109
2.75	-0.0297678	-0.242
2.76	-0.0321714	-0.238683
2.77	-0.0345407	-0.23516
2.78	-0.0368739	-0.231436
2.79	-0.0391688	-0.227514
2.8	-0.0414235	-0.223398
2.81	-0.0436361	-0.219092
2.82	-0.0458047	-0.214601
2.83	-0.0479275	-0.209929
2.84	-0.0500027	-0.205081
2.85	-0.0520286	-0.200061
2.86	-0.0540034	-0.194874
2.87	-0.0559255	-0.189525
2.88	-0.0577934	-0.18402
2.89	-0.0596054	-0.178363
2.9	-0.0613602	-0.17256
2.91	-0.0630561	-0.166616
2.92	-0.064692	-0.160538
2.93	-0.0662665	-0.154331
2.94	-0.0677782	-0.148
2.95	-0.0692261	-0.141552
2.96	-0.0706089	-0.134992
2.97	-0.0719256	-0.128327
2.98	-0.0731751	-0.121563
2.99	-0.0743565	-0.114707
3	-0.075469	-0.107763
3.01	-0.0765115	-0.10074
3.02	-0.0774835	-0.0936429
3.03	-0.0783842	-0.0864786
3.04	-0.0792129	-0.0792537
3.05	-0.0799691	-0.0719747
3.06	-0.0806522	-0.0646483
3.07	-0.0812619	-0.057281
3.08	-0.0817977	-0.0498797
3.09	-0.0822594	-0.0424508
3.1	-0.0826467	-0.0350012
3.11	-0.0829594	-0.0275375
3.12	-0.0831974	-0.0200664
3.13	-0.0833607	-0.0125946
3.14	-0.0834493	-0.00512868
3.15	-0.0834633	0.00232464
3.16	-0.0834029	0.00975876
3.17	-0.0832682	0.0171671
3.18	-0.0830596	0.0245431
3.19	-0.0827775	0.0318803
3.2	-0.0824222	0.0391722
3.21	-0.0819942	0.0464125
3.22	-0.0814941	0.0535947
3.23	-0.0809225	0.0607126
3.24	-0.0802801	0.0677601
3.25	-0.0795676	0.074731
3.26	-0.0787858	0.0816192
3.27	-0.0779355	0.0884188
3.28	-0.0770177	0.095124
3.29	-0.0760334	0.101729
3.3	-0.0749835	0.108228
3.31	-0.0738692	0.114616
3.32	-0.0726916	0.120887
3.33	-0.0714518	0.127035
3.34	-0.0701513	0.133056
3.35	-0.0687912	0.138945
3.36	-0.0673728	0.144697
3.37	-0.0658977	0.150306
3.38	-0.0643672	0.155768
3.39	-0.0627828	0.161079
3.4	-0.0611461	0.166234
3.41	-0.0594587	0.171229
3.42	-0.0577221	0.17606
3.43	-0.0559381	0.180723
3.44	-0.0541082	0.185214
3.45	-0.0522344	0.189529
3.46	-0.0503182	0.193666
3.47	-0.0483616	0.197621
3.48	-0.0463664	0.20139
3.49	-0.0443345	0.204971
3.5	-0.0422677	0.208361
3.51	-0.0401679	0.211557
3.52	-0.0380372	0.214558
3.53	-0.0358774	0.21736
3.54	-0.0336906	0.219962
3.55	-0.0314788	0.222363
3.56	-0.0292441	0.224559
3.57	-0.0269883	0.22655
3.58	-0.0247137	0.228334
3.59	-0.0224223	0.229911
3.6	-0.0201162	0.231279
3.61	-0.0177975	0.232438
3.62	-0.0154681	0.233387
3.63	-0.0131304	0.234126
3.64	-0.0107863	0.234655
3.65	-0.00843801	0.234972
3.66	-0.00608758	0.23508
3.67	-0.00373711	0.234978
3.68	-0.00138871	0.234667
3.69	0.000955527	0.234147
3.7	0.00329353	0.233419
3.71	0.00562323	0.232485
3.72	0.00794256	0.231346
3.73	0.0102495	0.230004
3.74	0.012542	0.228459
3.75	0.014818	0.226715
3.76	0.0170756	0.224772
3.77	0.0193128	0.222633
3.78	0.0215276	0.220301
3.79	0.0237181	0.217777
3.8	0.0258825	0.215065
3.81	0.0280188	0.212168
3.82	0.0301253	0.209088
3.83	0.0322	0.205829
3.84	0.0342413	0.202394
3.85	0.0362473	0.198787
3.86	0.0382164	0.19501
3.87	0.040147	0.191068
3.88	0.0420373	0.186965
3.89	0.0438857	0.182705
3.9	0.0456908	0.178291
3.91	0.0474511	0.173729
3.92	0.0491649	0.169022
3.93	0.0508311	0.164176
3.94	0.052448	0.159194
3.95	0.0540145	0.154082
3.96	0.0555292	0.148844
3.97	0.056991	0.143485
3.98	0.0583986	0.138011
3.99	0.0597508	0.132427
4	0.0610467	0.126737
4.01	0.0622852	0.120947
4.02	0.0634654	0.115063
4.03	0.0645862	0.109089
4.04	0.0656469	0.103033
4.05	0.0666466	0.0968978
4.06	0.0675846	0.0906906
4.07	0.0684602	0.0844169
4.08	0.0692727	0.0780823
4.09	0.0700216	0.0716927
4.1	0.0707064	0.0652538
4.11	0.0713266	0.0587716
4.12	0.0718817	0.0522518
4.13	0.0723715	0.0457005
4.14	0.0727956	0.0391234
4.15	0.0731539	0.0325266
4.16	0.0734461	0.0259159
4.17	0.0736722	0.0192974
4.18	0.0738321	0.0126768
4.19	0.0739258	0.0060601
4.2	0.0739533	-0.000546778
4.21	0.0739149	-0.00713799
4.22	0.0738106	-0.0137077
4.23	0.0736408	-0.0202501
4.24	0.0734057	-0.0267594
4.25	0.0731057	-0.0332299
4.26	0.0727413	-0.0396559
4.27	0.0723128	-0.0460318
4.28	0.0718208	-0.052352
4.29	0.071266	-0.058611
4.3	0.0706488	-0.0648034
4.31	0.0699701	-0.0709237
4.32	0.0692306	-0.0769668
4.33	0.0684311	-0.0829274
4.34	0.0675724	-0.0888004
4.35	0.0666554	-0.0945807
4.36	0.0656811	-0.100263
4.37	0.0646505	-0.105844
4.38	0.0635646	-0.111317
4.39	0.0624245	-0.116678
4.4	0.0612314	-0.121923
4.41	0.0599864	-0.127047
4.42	0.0586909	-0.132046
4.43	0.0573459	-0.136916
4.44	0.055953	-0.141653
4.45	0.0545133	-0.146252
4.46	0.0530284	-0.150711
4.47	0.0514996	-0.155025
4.48	0.0499284	-0.15919
4.49	0.0483163	-0.163205
4.5	0.0466648	-0.167064
4.51	0.0449756	-0.170766
4.52	0.0432501	-0.174307
4.53	0.04149	-0.177685
4.54	0.0396969	-0.180896
4.55	0.0378726	-0.183939
4.56	0.0360187	-0.18681
4.57	0.034137	-0.189509
4.58	0.0322291	-0.192032
4.59	0.0302969	-0.194379
4.6	0.0283421	-0.196546
4.61	0.0263666	-0.198534
4.62	0.0243721	-0.20034
4.63	0.0223604	-0.201963
4.64	0.0203334	-0.203402
4.65	0.018293	-0.204657
4.66	0.0162409	-0.205726
4.67	0.0141791	-0.20661
4.68	0.0121093	-0.207307
4.69	0.0100335	-0.207818
4.7	0.00795357	-0.208143
4.71	0.0058713	-0.208281
4.72	0.00378858	-0.208233
4.73	0.00170726	-0.207999
4.74	-0.000370791	-0.207581
4.75	-0.00244374	-0.206979
4.76	-0.00450975	-0.206193
4.77	-0.006567	-0.205225
4.78	-0.00861366	-0.204077
4.79	-0.0106479	-0.202749
4.8	-0.0126681	-0.201244
4.81	-0.0146722	-0.199563
4.82	-0.0166587	-0.197707
4.83	-0.0186258	-0.19568
4.84	-0.0205718	-0.193483
4.85	-0.0224949	-0.191118
4.86	-0.0243936	-0.188589
4.87	-0.0262661	-0.185897
4.88	-0.028111	-0.183045
4.89	-0.0299265	-0.180037
4.9	-0.0317112	-0.176875
4.91	-0.0334635	-0.173563
4.92	-0.035182	-0.170104
4.93	-0.0368651	-0.166501
4.94	-0.0385115	-0.162758
4.95	-0.0401198	-0.158878
4.96	-0.0416887	-0.154866
4.97	-0.0432167	-0.150725
4.98	-0.0447027	-0.146459
4.99	-0.0461455	-0.142072
5	-0.0475438	-0.137568
5.01	-0.0488965	-0.132953
5.02	-0.0502025	-0.128229
5.03	-0.0514607	-0.123402
5.04	-0.0526702	-0.118476
5.05	-0.0538299	-0.113456
5.06	-0.054939	-0.108346
5.07	-0.0559966	-0.103151
5.08	-0.0570018	-0.0978759
5.09	-0.0579538	-0.0925259
5.1	-0.058852	-0.0871057
5.11	-0.0596957	-0.0816203
5.12	-0.0604843	-0.0760747
5.13	-0.061217	-0.0704741
5.14	-0.0618936	-0.0648234
5.15	-0.0625134	-0.059128
5.16	-0.063076	-0.053393
5.17	-0.0635811	-0.0476235
5.18	-0.0640284	-0.0418248
5.19	-0.0644175	-0.0360021
5.2	-0.0647483	-0.0301607
5.21	-0.0650207	-0.0243059
5.22	-0.0652344	-0.0184428
5.23	-0.0653895	-0.0125768
5.24	-0.065486	-0.00671302
5.25	-0.0655238	-0.000856735
5.26	-0.0655032	0.00498686
5.27	-0.0654241	0.0108126
5.28	-0.065287	0.0166153
5.29	-0.0650919	0.0223899
5.3	-0.0648393	0.0281312
5.31	-0.0645294	0.0338342
5.32	-0.0641628	0.039494
5.33	-0.0637397	0.0451056
5.34	-0.0632608	0.0506641
5.35	-0.0627266	0.0561646
5.36	-0.0621377	0.0616025
5.37	-0.0614948	0.0669729
5.38	-0.0607985	0.0722713
5.39	-0.0600496	0.077493
5.4	-0.0592489	0.0826337
5.41	-0.0583972	0.0876889
5.42	-0.0574955	0.0926543
5.43	-0.0565445	0.0975257
5.44	-0.0555453	0.102299
5.45	-0.0544988	0.10697
5.46	-0.0534062	0.111535
5.47	-0.0522685	0.11599
5.48	-0.0510868	0.120332
5.49	-0.0498623	0.124556
5.5	-0.0485961	0.128659
5.51	-0.0472895	0.132638
5.52	-0.0459437	0.13649
5.53	-0.0445601	0.140212
5.54	-0.0431399	0.143799
5.55	-0.0416846	0.147251
5.56	-0.0401954	0.150563
5.57	-0.0386738	0.153733
5.58	-0.0371212	0.156759
5.59	-0.0355391	0.159639
5.6	-0.0339289	0.162369
5.61	-0.0322922	0.164948
5.62	-0.0306305	0.167374
5.63	-0.0289453	0.169646
5.64	-0.0272381	0.171761
5.65	-0.0255106	0.173718
5.66	-0.0237643	0.175516
5.67	-0.0220008	0.177153
5.68	-0.0202217	0.178628
5.69	-0.0184288	0.179941
5.7	-0.0166235	0.18109
5.71	-0.0148075	0.182075
5.72	-0.0129825	0.182896
5.73	-0.0111501	0.183552
5.74	-0.00931203	0.184042
5.75	-0.00746984	0.184368
5.76	-0.00562522	0.184528
5.77	-0.00377983	0.184523
5.78	-0.00193531	0.184354
5.79	-9.33011e-05	0.184021
5.8	0.00174456	0.183524
5.81	0.00357664	0.182865
5.82	0.00540133	0.182045
5.83	0.00721701	0.181064
5.84	0.00902208	0.179924
5.85	0.010815	0.178626
5.86	0.0125941	0.177172
5.87	0.0143579	0.175563
5.88	0.0161048	0.173802
5.89	0.0178334	0.17189
5.9	0.0195421	0.169828
5.91	0.0212295	0.16762
5.92	0.0228941	0.165268
5.93	0.0245344	0.162774
5.94	0.0261491	0.16014
5.95	0.0277367	0.15737
5.96	0.029296	0.154465
5.97	0.0308256	0.15143
5.98	0.0323242	0.148267
5.99	0.0337905	0.144978
6	0.0352234	0.141568
6.01	0.0366215	0.13804
6.02	0.0379838	0.134397
6.03	0.0393091	0.130642
6.04	0.0405963	0.126779
6.05	0.0418443	0.122813
6.06	0.0430522	0.118745
6.07	0.0442189	0.114582
6.08	0.0453435	0.110325
6.09	0.0464251	0.105981
6.1	0.0474628	0.101551
6.11	0.0484559	0.0970415
6.12	0.0494034	0.0924556
6.13	0.0503047	0.0877978
6.14	0.0511591	0.0830725
6.15	0.051966	0.078284
6.16	0.0527246	0.0734366
6.17	0.0534345	0.068535
6.18	0.0540952	0.0635834
6.19	0.054706	0.0585866
6.2	0.0552667	0.053549
6.21	0.0557769	0.0484753
6.22	0.0562361	0.04337
6.23	0.0566442	0.0382378
6.24	0.0570008	0.0330832
6.25	0.0573058	0.027911
6.26	0.057559	0.0227258
6.27	0.0577603	0.0175323
6.28	0.0579096	0.012335
6.29	0.058007	0.00713873
6.3	0.0580524	0.001948
6.31	0.058046	-0.00323254
6.32	0.0579878	-0.00839829
6.33	0.0578781	-0.0135447
6.34	0.057717	-0.0186672
6.35	0.0575048	-0.0237613
6.36	0.0572419	-0.0288225
6.37	0.0569285	-0.0338464
6.38	0.0565651	-0.0388285
6.39	0.0561521	-0.0437646
6.4	0.05569	-0.0486504
6.41	0.0551793	-0.0534815
6.42	0.0546206	-0.0582539
6.43	0.0540144	-0.0629634
6.44	0.0533615	-0.0676059
6.45	0.0526625	-0.0721775
6.46	0.0519182	-0.0766742
6.47	0.0511293	-0.0810922
6.48	0.0502966	-0.0854278
6.49	0.049421	-0.0896773
6.5	0.0485034	-0.093837
6.51	0.0475446	-0.0979036
6.52	0.0465456	-0.101873
6.53	0.0455075	-0.105743
6.54	0.0444311	-0.10951
6.55	0.0433176	-0.113171
6.56	0.0421681	-0.116722
6.57	0.0409836	-0.120161
6.58	0.0397652	-0.123485
6.59	0.0385143	-0.126691
6.6	0.0372318	-0.129777
6.61	0.0359191	-0.13274
6.62	0.0345774	-0.135578
6.63	0.033208	-0.138289
6.64	0.0318121	-0.14087
6.65	0.030391	-0.143319
6.66	0.0289461	-0.145636
6.67	0.0274788	-0.147817
6.68	0.0259903	-0.149861
6.69	0.024482	-0.151767
6.7	0.0229554	-0.153533
6.71	0.0214118	-0.155158
6.72	0.0198527	-0.156641
6.73	0.0182795	-0.157981
6.74	0.0166936	-0.159178
6.75	0.0150964	-0.160229
6.76	0.0134895	-0.161136
6.77	0.0118742	-0.161896
6.78	0.010252	-0.162511
6.79	0.00862445	-0.162979
6.8	0.00699294	-0.163301
6.81	0.00535893	-0.163476
6.82	0.0037239	-0.163505
6.83	0.00208931	-0.163389
6.84	0.000456611	-0.163127
6.85	-0.00117274	-0.16272
6.86	-0.00279731	-0.162169
6.87	-0.00441565	-0.161475
6.88	-0.00602634	-0.160639
6.89	-0.00762795	-0.159661
6.9	-0.00921909	-0.158543
6.91	-0.0107983	-0.157286
6.92	-0.0123643	-0.155892
6.93	-0.0139157	-0.154362
6.94	-0.0154511	-0.152698
6.95	-0.0169693	-0.150902
6.96	-0.0184687	-0.148975
6.97	-0.0199483	-0.14692
6.98	-0.0214067	-0.144739
6.99	-0.0228427	-0.142433
7	-0.024255	-0.140006
7.01	-0.0256424	-0.13746
7.02	-0.0270038	-0.134797
7.03	-0.028338	-0.13202
7.04	-0.0296438	-0.129132
7.05	-0.0309203	-0.126135
7.06	-0.0321662	-0.123032
7.07	-0.0333806	-0.119827
7.08	-0.0345624	-0.116523
7.09	-0.0357107	-0.113122
7.1	-0.0368245	-0.109628
7.11	-0.037903	-0.106045
7.12	-0.0389451	-0.102375
7.13	-0.0399502	-0.0986225
7.14	-0.0409173	-0.0947905
7.15	-0.0418458	-0.0908829
7.16	-0.0427347	-0.0869032
7.17	-0.0435836	-0.0828551
7.18	-0.0443916	-0.0787425
7.19	-0.0451582	-0.0745691
7.2	-0.0458828	-0.0703389
7.21	-0.0465648	-0.0660556
7.22	-0.0472038	-0.0617233
7.23	-0.0477992	-0.0573459
7.24	-0.0483506	-0.0529275
7.25	-0.0488576	-0.048472
7.26	-0.0493199	-0.0439836
7.27	-0.0497372	-0.0394662
7.28	-0.0501091	-0.034924
7.29	-0.0504356	-0.0303612
7.3	-0.0507163	-0.0257817
7.31	-0.0509512	-0.0211898
7.32	-0.0511401	-0.0165895
7.33	-0.0512829	-0.011985
7.34	-0.0513798	-0.00738045
7.35	-0.0514306	-0.00277985
7.36	-0.0514354	0.00181265
7.37	-0.0513943	0.00639298
7.38	-0.0513076	0.0109571
7.39	-0.0511753	0.015501
7.4	-0.0509976	0.0200206
7.41	-0.050775	0.0245119
7.42	-0.0505075	0.0289711
7.43	-0.0501957	0.0333942
7.44	-0.0498398	0.0377774
7.45	-0.0494402	0.0421169
7.46	-0.0489976	0.0464088
7.47	-0.0485122	0.0506495
7.48	-0.0479848	0.0548353
7.49	-0.0474157	0.0589626
7.5	-0.0468057	0.0630278
7.51	-0.0461554	0.0670275
7.52	-0.0454654	0.0709583
7.53	-0.0447365	0.0748167
7.54	-0.0439693	0.0785996
7.55	-0.0431647	0.0823038
7.56	-0.0423235	0.085926
7.57	-0.0414465	0.0894633
7.58	-0.0405346	0.0929128
7.59	-0.0395886	0.0962714
7.6	-0.0386094	0.0995366
7.61	-0.0375981	0.102705
7.62	-0.0365557	0.105776
7.63	-0.035483	0.108744
7.64	-0.0343811	0.111609
7.65	-0.0332511	0.114368
7.66	-0.0320941	0.117018
7.67	-0.0309111	0.119559
7.68	-0.0297033	0.121986
7.69	-0.0284718	0.1243
7.7	-0.0272177	0.126497
7.71	-0.0259423	0.128576
7.72	-0.0246466	0.130536
7.73	-0.0233319	0.132375
7.74	-0.0219995	0.134092
7.75	-0.0206505	0.135686
7.76	-0.0192862	0.137154
7.77	-0.0179078	0.138497
7.78	-0.0165167	0.139714
7.79	-0.015114	0.140803
7.8	-0.013701	0.141764
7.81	-0.0122791	0.142597
7.82	-0.0108495	0.1433
7.83	-0.00941354	0.143875
7.84	-0.00797246	0.144319
7.85	-0.00652759	0.144634
7.86	-0.00508022	0.144819
7.87	-0.00363164	0.144875
7.88	-0.00218315	0.144801
7.89	-0.000736046	0.144599
7.9	0.000708392	0.144268
7.91	0.00214888	0.143809
7.92	0.00358414	0.143223
7.93	0.00501291	0.14251
7.94	0.00643393	0.141673
7.95	0.00784595	0.14071
7.96	0.00924773	0.139625
7.97	0.010638	0.138418
7.98	0.0120157	0.13709
7.99	0.0133794	0.135642
8	0.0147281	0.134078
8.01	0.0160606	0.132397
8.02	0.0173757	0.130602
8.03	0.0186723	0.128695
8.04	0.0199492	0.126677
8.05	0.0212054	0.124551
8.06	0.0224399	0.122319
8.07	0.0236515	0.119983
8.08	0.0248392	0.117546
8.09	0.0260021	0.115009
8.1	0.0271391	0.112375
8.11	0.0282493	0.109648
8.12	0.0293317	0.106829
8.13	0.0303855	0.103921
8.14	0.0314098	0.100927
8.15	0.0324038	0.0978501
8.16	0.0333666	0.094693
8.17	0.0342974	0.0914587
8.18	0.0351955	0.0881504
8.19	0.0360602	0.084771
8.2	0.0368907	0.0813238
8.21	0.0376864	0.0778121
8.22	0.0384467	0.074239
8.23	0.039171	0.070608
8.24	0.0398587	0.0669223
8.25	0.0405093	0.0631855
8.26	0.0411223	0.0594009
8.27	0.0416972	0.055572
8.28	0.0422336	0.0517024
8.29	0.0427311	0.0477956
8.3	0.0431894	0.0438551
8.31	0.0436081	0.0398846
8.32	0.043987	0.0358877
8.33	0.0443258	0.031868
8.34	0.0446243	0.0278291
8.35	0.0448823	0.0237746
8.36	0.0450997	0.0197083
8.37	0.0452764	0.0156337
8.38	0.0454124	0.0115546
8.39	0.0455075	0.00747451
8.4	0.0455619	0.00339715
8.41	0.0455755	-0.00067387
8.42	0.0455484	-0.00473494
8.43	0.0454808	-0.00878245
8.44	0.0453728	-0.0128128
8.45	0.0452246	-0.0168225
8.46	0.0450365	-0.020808
8.47	0.0448086	-0.0247658
8.48	0.0445413	-0.0286924
8.49	0.0442348	-0.0325845
8.5	0.0438897	-0.0364385
8.51	0.0435062	-0.0402512
8.52	0.0430848	-0.0440192
8.53	0.042626	-0.0477393
8.54	0.0421302	-0.0514084
8.55	0.041598	-0.0550231
8.56	0.0410299	-0.0585805
8.57	0.0404266	-0.0620776
8.58	0.0397886	-0.0655112
8.59	0.0391166	-0.0688785
8.6	0.0384113	-0.0721767
8.61	0.0376733	-0.075403
8.62	0.0369034	-0.0785546
8.63	0.0361025	-0.081629
8.64	0.0352711	-0.0846235
8.65	0.0344103	-0.0875357
8.66	0.0335207	-0.0903632
8.67	0.0326033	-0.0931036
8.68	0.0316589	-0.0957547
8.69	0.0306885	-0.0983143
8.7	0.029693	-0.10078
8.71	0.0286732	-0.103151
8.72	0.0276303	-0.105424
8.73	0.0265651	-0.107598
8.74	0.0254786	-0.109671
8.75	0.024372	-0.111642
8.76	0.0232461	-0.113508
8.77	0.0221022	-0.115269
8.78	0.0209411	-0.116923
8.79	0.0197641	-0.118469
8.8	0.0185721	-0.119906
8.81	0.0173663	-0.121233
8.82	0.0161478	-0.122449
8.83	0.0149177	-0.123552
8.84	0.0136771	-0.124543
8.85	0.0124272	-0.125421
8.86	0.0111691	-0.126185
8.87	0.00990389	-0.126834
8.88	0.00863277	-0.127369
8.89	0.00735688	-0.12779
8.9	0.00607736	-0.128095
8.91	0.00479536	-0.128285
8.92	0.00351203	-0.128361
8.93	0.00222852	-0.128322
8.94	0.000945974	-0.128169
8.95	-0.000334472	-0.127901
8.96	-0.00161168	-0.127521
8.97	-0.00288451	-0.127027
8.98	-0.00415185	-0.126422
8.99	-0.00541258	-0.125705
9	-0.00666558	-0.124878
9.01	-0.00790976	-0.123941
9.02	-0.00914404	-0.122896
9.03	-0.0103673	-0.121743
9.04	-0.0115786	-0.120485
9.05	-0.0127767	-0.119123
9.06	-0.0139607	-0.117657
9.07	-0.0151295	-0.11609
9.08	-0.0162821	-0.114422
9.09	-0.0174176	-0.112657
9.1	-0.0185349	-0.110795
9.11	-0.0196332	-0.108839
9.12	-0.0207114	-0.10679
9.13	-0.0217687	-0.104651
9.14	-0.0228041	-0.102423
9.15	-0.0238169	-0.10011
9.16	-0.0248061	-0.0977117
9.17	-0.0257708	-0.0952323
9.18	-0.0267104	-0.0926737
9.19	-0.0276241	-0.0900384
9.2	-0.028511	-0.0873288
9.21	-0.0293704	-0.0845476
9.22	-0.0302017	-0.0816974
9.23	-0.0310041	-0.0787809
9.24	-0.0317771	-0.0758009
9.25	-0.0325199	-0.0727602
9.26	-0.0332321	-0.0696615
9.27	-0.033913	-0.0665079
9.28	-0.0345621	-0.0633022
9.29	-0.0351789	-0.0600475
9.3	-0.0357629	-0.0567467
9.31	-0.0363137	-0.0534029
9.32	-0.0368308	-0.0500192
9.33	-0.0373139	-0.0465986
9.34	-0.0377627	-0.0431444
9.35	-0.0381767	-0.0396596
9.36	-0.0385558	-0.0361475
9.37	-0.0388996	-0.0326112
9.38	-0.0392079	-0.029054
9.39	-0.0394806	-0.025479
9.4	-0.0397175	-0.0218896
9.41	-0.0399184	-0.0182888
9.42	-0.0400832	-0.0146801
9.43	-0.0402119	-0.0110665
9.44	-0.0403045	-0.00745138
9.45	-0.040361	-0.00383791
9.46	-0.0403813	-0.000229328
9.47	-0.0403656	0.00337117
9.48	-0.0403139	0.00696039
9.49	-0.0402264	0.0105352
9.5	-0.0401033	0.0140923
9.51	-0.0399446	0.0176288
9.52	-0.0397508	0.0211413
9.53	-0.0395219	0.024627
9.54	-0.0392583	0.0280827
9.55	-0.0389604	0.0315055
9.56	-0.0386283	0.0348922
9.57	-0.0382626	0.0382401
9.58	-0.0378637	0.0415462
9.59	-0.0374319	0.0448077
9.6	-0.0369677	0.0480217
9.61	-0.0364716	0.0511856
9.62	-0.0359442	0.0542965
9.63	-0.0353859	0.0573519
9.64	-0.0347973	0.0603491
9.65	-0.0341791	0.0632856
9.66	-0.0335318	0.066159
9.67	-0.0328561	0.0689668
9.68	-0.0321527	0.0717066
9.69	-0.0314222	0.0743763
9.7	-0.0306654	0.0769735
9.71	-0.029883	0.0794961
9.72	-0.0290757	0.081942
9.73	-0.0282444	0.0843092
9.74	-0.0273898	0.0865959
9.75	-0.0265128	0.0888001
9.76	-0.0256141	0.09092
9.77	-0.0246947	0.0929541
9.78	-0.0237553	0.0949005
9.79	-0.022797	0.0967579
9.8	-0.0218205	0.0985248
9.81	-0.0208268	0.1002
9.82	-0.0198168	0.101782
9.83	-0.0187914	0.103269
9.84	-0.0177517	0.104661
9.85	-0.0166985	0.105956
9.86	-0.0156329	0.107154
9.87	-0.0145558	0.108254
9.88	-0.0134682	0.109255
9.89	-0.012371	0.110156
9.9	-0.0112654	0.110956
9.91	-0.0101522	0.111656
9.92	-0.00903259	0.112255
9.93	-0.00790747	0.112752
9.94	-0.00677788	0.113148
9.95	-0.00564485	0.113442
9.96	-0.00450938	0.113634
9.97	-0.00337251	0.113724
9.98	-0.00223524	0.113713
9.99	-0.00109858	0.1136
10	3.64354e-05	0.113387
10.01	0.00116881	0.113072
10.02	0.00229755	0.112658
10.03	0.00342164	0.112144
10.04	0.00454011	0.111532
10.05	0.00565195	0.110821
10.06	0.0067562	0.110013
10.07	0.00785189	0.109109
10.08	0.00893807	0.10811
10.09	0.0100138	0.107016
10.1	0.0110781	0.10583
10.11	0.0121301	0.104552
10.12	0.0131688	0.103184
10.13	0.0141935	0.101727
10.14	0.0152031	0.100183
10.15	0.0161968	0.0985528
10.16	0.0171739	0.0968386
10.17	0.0181333	0.095042
10.18	0.0190744	0.0931647
10.19	0.0199964	0.0912087
10.2	0.0208983	0.089176
10.21	0.0217796	0.0870683
10.22	0.0226395	0.0848879
10.23	0.0234772	0.0826368
10.24	0.024292	0.0803172
10.25	0.0250833	0.0779314
10.26	0.0258504	0.0754815
10.27	0.0265927	0.07297
10.28	0.0273096	0.0703992
10.29	0.0280005	0.0677715
10.3	0.0286648	0.0650895
10.31	0.0293021	0.0623555
10.32	0.0299118	0.0595723
10.33	0.0304934	0.0567424
10.34	0.0310465	0.0538683
10.35	0.0315706	0.0509529
10.36	0.0320654	0.0479987
10.37	0.0325305	0.0450085
10.38	0.0329655	0.041985
10.39	0.0333701	0.0389311
10.4	0.033744	0.0358495
10.41	0.034087	0.032743
10.42	0.0343988	0.0296144
10.43	0.0346792	0.0264666
10.44	0.0349281	0.0233025
10.45	0.0351452	0.0201248
10.46	0.0353305	0.0169365
10.47	0.0354839	0.0137405
10.48	0.0356053	0.0105395
10.49	0.0356947	0.00733649
10.5	0.0357521	0.00413429
10.51	0.0357774	0.000935767
10.52	0.0357708	-0.00225625
10.53	0.0357323	-0.00543891
10.54	0.0356621	-0.00860942
10.55	0.0355602	-0.011765
10.56	0.0354268	-0.0149028
10.57	0.0352622	-0.0180201
10.58	0.0350665	-0.0211142
10.59	0.03484	-0.0241823
10.6	0.0345829	-0.0272219
10.61	0.0342957	-0.0302302
10.62	0.0339785	-0.0332046
10.63	0.0336317	-0.0361426
10.64	0.0332557	-0.0390416
10.65	0.032851	-0.0418992
10.66	0.0324179	-0.0447128
10.67	0.0319569	-0.0474801
10.68	0.0314685	-0.0501988
10.69	0.0309531	-0.0528664
10.7	0.0304113	-0.0554808
10.71	0.0298437	-0.0580396
10.72	0.0292507	-0.0605409
10.73	0.028633	-0.0629825
10.74	0.0279913	-0.0653623
10.75	0.027326	-0.0676783
10.76	0.0266379	-0.0699287
10.77	0.0259277	-0.0721116
10.78	0.0251959	-0.0742251
10.79	0.0244434	-0.0762677
10.8	0.0236708	-0.0782375
10.81	0.0228789	-0.0801331
10.82	0.0220684	-0.0819529
10.83	0.0212401	-0.0836954
10.84	0.0203947	-0.0853594
10.85	0.0195332	-0.0869433
10.86	0.0186561	-0.0884462
10.87	0.0177645	-0.0898667
10.88	0.0168591	-0.0912039
10.89	0.0159407	-0.0924566
10.9	0.0150102	-0.0936241
10.91	0.0140685	-0.0947054
10.92	0.0131164	-0.0956998
10.93	0.0121548	-0.0966066
10.94	0.0111846	-0.0974252
10.95	0.0102066	-0.098155
10.96	0.00922178	-0.0987957
10.97	0.008231	-0.0993468
10.98	0.00723515	-0.099808
10.99	0.00623514	-0.100179
11	0.00523186	-0.10046
11.01	0.00422623	-0.100651
11.02	0.00321914	-0.100752
11.03	0.0022115	-0.100762
11.04	0.00120419	-0.100683
11.05	0.00019813	-0.100514
11.06	-0.000805798	-0.100256
11.07	-0.0018067	-0.0999095
11.08	-0.00280369	-0.0994744
11.09	-0.0037959	-0.0989516
11.1	-0.00478244	-0.0983418
11.11	-0.00576245	-0.0976457
11.12	-0.00673507	-0.0968642
11.13	-0.00769945	-0.0959981
11.14	-0.00865475	-0.0950484
11.15	-0.00960014	-0.0940161
11.16	-0.0105348	-0.0929024
11.17	-0.0114579	-0.0917084
11.18	-0.0123687	-0.0904354
11.19	-0.0132664	-0.0890847
11.2	-0.0141501	-0.0876577
11.21	-0.0150193	-0.0861559
11.22	-0.015873	-0.0845806
11.23	-0.0167106	-0.0829336
11.24	-0.0175315	-0.0812164
11.25	-0.0183347	-0.0794307
11.26	-0.0191198	-0.0775784
11.27	-0.0198861	-0.0756611
11.28	-0.0206329	-0.0736808
11.29	-0.0213595	-0.0716393
11.3	-0.0220654	-0.0695387
11.31	-0.0227501	-0.0673809
11.32	-0.0234129	-0.065168
11.33	-0.0240533	-0.062902
11.34	-0.0246708	-0.0605852
11.35	-0.0252648	-0.0582197
11.36	-0.025835	-0.0558077
11.37	-0.0263808	-0.0533515
11.38	-0.0269019	-0.0508534
11.39	-0.0273978	-0.0483157
11.4	-0.0278681	-0.0457408
11.41	-0.0283125	-0.0431309
11.42	-0.0287306	-0.0404887
11.43	-0.0291221	-0.0378164
11.44	-0.0294868	-0.0351165
11.45	-0.0298244	-0.0323915
11.46	-0.0301346	-0.0296439
11.47	-0.0304172	-0.0268762
11.48	-0.030672	-0.0240909
11.49	-0.030899	-0.0212905
11.5	-0.0310978	-0.0184775
11.51	-0.0312685	-0.0156546
11.52	-0.0314109	-0.0128241
11.53	-0.0315249	-0.00998878
11.54	-0.0316106	-0.00715103
11.55	-0.031668	-0.00431343
11.56	-0.0316969	-0.00147849
11.57	-0.0316976	0.00135125
11.58	-0.0316699	0.00417328
11.59	-0.0316141	0.00698511
11.6	-0.0315303	0.00978425
11.61	-0.0314185	0.0125682
11.62	-0.031279	0.0153346
11.63	-0.0311119	0.018081
11.64	-0.0309174	0.0208049
11.65	-0.0306958	0.023504
11.66	-0.0304474	0.026176
11.67	-0.0301724	0.0288185
11.68	-0.0298712	0.0314292
11.69	-0.0295439	0.034006
11.7	-0.0291912	0.0365464
11.71	-0.0288131	0.0390485
11.72	-0.0284103	0.04151
11.73	-0.0279831	0.0439288
11.74	-0.0275319	0.0463029
11.75	-0.0270572	0.0486303
11.76	-0.0265595	0.050909
11.77	-0.0260392	0.053137
11.78	-0.0254969	0.0553126
11.79	-0.0249331	0.0574338
11.8	-0.0243484	0.059499
11.81	-0.0237433	0.0615064
11.82	-0.0231185	0.0634543
11.83	-0.0224744	0.0653412
11.84	-0.0218118	0.0671655
11.85	-0.0211313	0.0689257
11.86	-0.0204336	0.0706205
11.87	-0.0197192	0.0722484
11.88	-0.0189888	0.0738081
11.89	-0.0182432	0.0752984
11.9	-0.0174831	0.0767182
11.91	-0.0167091	0.0780663
11.92	-0.015922	0.0793418
11.93	-0.0151225	0.0805435
11.94	-0.0143114	0.0816707
11.95	-0.0134893	0.0827225
11.96	-0.0126572	0.0836982
11.97	-0.0118156	0.0845969
11.98	-0.0109655	0.0854182
11.99	-0.0101075	0.0861615
12	-0.00924253	0.0868262
12.01	-0.00837127	0.087412
12.02	-0.00749455	0.0879185
12.03	-0.00661317	0.0883454
12.04	-0.00572791	0.0886926
12.05	-0.00483958	0.08896
12.06	-0.00394898	0.0891474
12.07	-0.0030569	0.0892549
12.08	-0.00216415	0.0892826
12.09	-0.00127151	0.0892306
12.1	-0.000379797	0.0890992
12.11	0.000510208	0.0888887
12.12	0.00139771	0.0885994
12.13	0.00228194	0.0882318
12.14	0.00316209	0.0877863
12.15	0.0040374	0.0872636
12.16	0.00490711	0.0866644
12.17	0.00577044	0.0859892
12.18	0.00662664	0.0852389
12.19	0.00747497	0.0844144
12.2	0.00831468	0.0835164
12.21	0.00914506	0.0825461
12.22	0.00996537	0.0815045
12.23	0.0107749	0.0803925
12.24	0.011573	0.0792115
12.25	0.0123589	0.0779625
12.26	0.013132	0.0766469
12.27	0.0138916	0.075266
12.28	0.0146371	0.0738211
12.29	0.0153678	0.0723138
12.3	0.0160832	0.0707454
12.31	0.0167826	0.0691176
12.32	0.0174654	0.0674319
12.33	0.018131	0.06569
12.34	0.018779	0.0638934
12.35	0.0194087	0.0620441
12.36	0.0200197	0.0601437
12.37	0.0206114	0.058194
12.38	0.0211834	0.056197
12.39	0.0217352	0.0541544
12.4	0.0222663	0.0520682
12.41	0.0227764	0.0499404
12.42	0.023265	0.047773
12.43	0.0237318	0.0455679
12.44	0.0241763	0.0433273
12.45	0.0245982	0.0410532
12.46	0.0249972	0.0387478
12.47	0.0253731	0.0364131
12.48	0.0257254	0.0340513
12.49	0.026054	0.0316645
12.5	0.0263586	0.029255
12.51	0.026639	0.026825
12.52	0.026895	0.0243766
12.53	0.0271265	0.0219122
12.54	0.0273332	0.0194338
12.55	0.0275151	0.0169438
12.56	0.0276721	0.0144445
12.57	0.027804	0.011938
12.58	0.0279108	0.00942657
12.59	0.0279925	0.00691255
12.6	0.0280491	0.00439814
12.61	0.0280805	0.00188559
12.62	0.0280868	-0.000622876
12.63	0.0280681	-0.00312502
12.64	0.0280243	-0.00561863
12.65	0.0279557	-0.0081015
12.66	0.0278623	-0.0105714
12.67	0.0277443	-0.0130263
12.68	0.0276019	-0.0154639
12.69	0.0274351	-0.0178821
12.7	0.0272443	-0.0202788
12.71	0.0270296	-0.0226519
12.72	0.0267914	-0.0249994
12.73	0.0265297	-0.0273192
12.74	0.0262451	-0.0296093
12.75	0.0259377	-0.0318678
12.76	0.0256078	-0.0340926
12.77	0.0252559	-0.036282
12.78	0.0248823	-0.0384339
12.79	0.0244874	-0.0405467
12.8	0.0240715	-0.0426184
12.81	0.0236352	-0.0446474
12.82	0.0231787	-0.046632
12.83	0.0227027	-0.0485704
12.84	0.0222075	-0.050461
12.85	0.0216936	-0.0523023
12.86	0.0211616	-0.0540928
12.87	0.0206119	-0.0558309
12.88	0.0200452	-0.0575153
12.89	0.0194618	-0.0591445
12.9	0.0188625	-0.0607172
12.91	0.0182477	-0.0622322
12.92	0.017618	-0.0636882
12.93	0.0169741	-0.0650841
12.94	0.0163165	-0.0664188
12.95	0.0156459	-0.0676912
12.96	0.0149629	-0.0689003
12.97	0.0142681	-0.0700452
12.98	0.0135622	-0.071125
12.99	0.0128459	-0.0721389
13	0.0121197	-0.0730862
13.01	0.0113844	-0.0739662
13.02	0.0106406	-0.0747782
13.03	0.00988902	-0.0755216
13.04	0.00913037	-0.0761961
13.05	0.00836533	-0.076801
13.06	0.00759458	-0.0773361
13.07	0.00681884	-0.077801
13.08	0.0060388	-0.0781955
13.09	0.00525517	-0.0785193
13.1	0.00446865	-0.0787724
13.11	0.00367995	-0.0789547
13.12	0.00288979	-0.0790662
13.13	0.00209886	-0.079107
13.14	0.00130789	-0.0790771
13.15	0.000517558	-0.0789768
13.16	-0.000271416	-0.0788063
13.17	-0.00105833	-0.0785659
13.18	-0.0018425	-0.0782561
13.19	-0.00262323	-0.0778772
13.2	-0.00339982	-0.0774297
13.21	-0.00417159	-0.0769142
13.22	-0.00493788	-0.0763314
13.23	-0.005698	-0.0756818
13.24	-0.00645129	-0.0749663
13.25	-0.00719711	-0.0741855
13.26	-0.00793479	-0.0733404
13.27	-0.0086637	-0.0724319
13.28	-0.00938322	-0.0714609
13.29	-0.0100927	-0.0704284
13.3	-0.0107916	-0.0693355
13.31	-0.0114792	-0.0681832
13.32	-0.0121551	-0.0669729
13.33	-0.0128185	-0.0657056
13.34	-0.013469	-0.0643826
13.35	-0.014106	-0.0630053
13.36	-0.0147289	-0.061575
13.37	-0.0153373	-0.0600931
13.38	-0.0159306	-0.0585609
13.39	-0.0165084	-0.0569802
13.4	-0.0170701	-0.0553522
13.41	-0.0176152	-0.0536786
13.42	-0.0181435	-0.051961
13.43	-0.0186543	-0.0502011
13.44	-0.0191474	-0.0484004
13.45	-0.0196222	-0.0465607
13.46	-0.0200785	-0.0446837
13.47	-0.0205158	-0.0427712
13.48	-0.0209338	-0.040825
13.49	-0.0213321	-0.0388468
13.5	-0.0217106	-0.0368386
13.51	-0.0220688	-0.0348021
13.52	-0.0224066	-0.0327393
13.53	-0.0227235	-0.030652
13.54	-0.0230195	-0.0285422
13.55	-0.0232943	-0.0264118
13.56	-0.0235477	-0.0242627
13.57	-0.0237795	-0.022097
13.58	-0.0239896	-0.0199165
13.59	-0.0241778	-0.0177233
13.6	-0.024344	-0.0155193
13.61	-0.0244881	-0.0133065
13.62	-0.0246101	-0.011087
13.63	-0.0247099	-0.00886263
13.64	-0.0247874	-0.00663551
13.65	-0.0248426	-0.00440759
13.66	-0.0248755	-0.00218086
13.67	-0.0248862	4.26942e-05
13.68	-0.0248747	0.00226111
13.69	-0.024841	0.00447241
13.7	-0.0247853	0.00667464
13.71	-0.0247076	0.00886586
13.72	-0.024608	0.0110441
13.73	-0.0244867	0.0132076
13.74	-0.0243439	0.0153543
13.75	-0.0241797	0.0174823
13.76	-0.0239943	0.0195899
13.77	-0.023788	0.0216752
13.78	-0.0235609	0.0237364
13.79	-0.0233133	0.0257717
13.8	-0.0230456	0.0277793
13.81	-0.0227578	0.0297575
13.82	-0.0224505	0.0317047
13.83	-0.0221239	0.0336191
13.84	-0.0217782	0.0354992
13.85	-0.021414	0.0373433
13.86	-0.0210315	0.0391498
13.87	-0.0206311	0.0409173
13.88	-0.0202133	0.0426443
13.89	-0.0197784	0.0443293
13.9	-0.0193268	0.0459709
13.91	-0.0188591	0.0475677
13.92	-0.0183756	0.0491185
13.93	-0.0178769	0.0506219
13.94	-0.0173634	0.0520767
13.95	-0.0168355	0.0534817
13.96	-0.0162939	0.0548359
13.97	-0.015739	0.056138
13.98	-0.0151713	0.0573871
13.99	-0.0145914	0.0585822
14	-0.0139999	0.0597223
14.01	-0.0133972	0.0608065
14.02	-0.0127839	0.061834
14.03	-0.0121607	0.0628041
14.04	-0.011528	0.0637159
14.05	-0.0108866	0.0645688
14.06	-0.0102369	0.0653622
14.07	-0.00957952	0.0660955
14.08	-0.00891515	0.0667682
14.09	-0.00824436	0.0673798
14.1	-0.00756776	0.0679299
14.11	-0.00688596	0.0684183
14.12	-0.0061996	0.0688444
14.13	-0.00550928	0.0692083
14.14	-0.00481564	0.0695096
14.15	-0.0041193	0.0697482
14.16	-0.00342089	0.0699241
14.17	-0.00272103	0.0700373
14.18	-0.00202035	0.0700878
14.19	-0.00131948	0.0700756
14.2	-0.000619045	0.070001
14.21	8.03334e-05	0.0698642
14.22	0.000778033	0.0696654
14.23	0.00147344	0.069405
14.24	0.00216593	0.0690832
14.25	0.0028549	0.0687007
14.26	0.00353974	0.0682577
14.27	0.00421985	0.0677549
14.28	0.00489464	0.0671929
14.29	0.00556351	0.0665722
14.3	0.00622589	0.0658937
14.31	0.0068812	0.0651579
14.32	0.00752886	0.0643657
14.33	0.00816833	0.063518
14.34	0.00879904	0.0626156
14.35	0.00942046	0.0616594
14.36	0.0100321	0.0606505
14.37	0.0106333	0.0595898
14.38	0.0112237	0.0584784
14.39	0.0118027	0.0573175
14.4	0.0123699	0.0561081
14.41	0.0129247	0.0548514
14.42	0.0134667	0.0535488
14.43	0.0139955	0.0522014
14.44	0.0145106	0.0508106
14.45	0.0150116	0.0493776
14.46	0.015498	0.0479039
14.47	0.0159695	0.0463909
14.48	0.0164257	0.04484
14.49	0.0168662	0.0432527
14.5	0.0172907	0.0416305
14.51	0.0176987	0.0399749
14.52	0.0180901	0.0382875
14.53	0.0184644	0.0365698
14.54	0.0188214	0.0348234
14.55	0.0191608	0.0330501
14.56	0.0194823	0.0312513
14.57	0.0197857	0.0294288
14.58	0.0200708	0.0275842
14.59	0.0203373	0.0257193
14.6	0.0205851	0.0238357
14.61	0.020814	0.0219353
14.62	0.0210238	0.0200196
14.63	0.0212143	0.0180905
14.64	0.0213855	0.0161497
14.65	0.0215373	0.0141989
14.66	0.0216695	0.01224
14.67	0.0217821	0.0102746
14.68	0.021875	0.00830465
14.69	0.0219481	0.00633179
14.7	0.0220016	0.00435781
14.71	0.0220353	0.00238448
14.72	0.0220493	0.000413563
14.73	0.0220436	-0.0015532
14.74	0.0220182	-0.00351406
14.75	0.0219733	-0.00546728
14.76	0.0219089	-0.00741114
14.77	0.0218251	-0.00934392
14.78	0.0217221	-0.0112639
14.79	0.0215999	-0.0131695
14.8	0.0214588	-0.0150589
14.81	0.0212988	-0.0169306
14.82	0.0211202	-0.0187829
14.83	0.0209232	-0.0206142
14.84	0.020708	-0.0224229
14.85	0.0204748	-0.0242074
14.86	0.0202239	-0.0259663
14.87	0.0199556	-0.027698
14.88	0.0196701	-0.029401
14.89	0.0193677	-0.0310739
14.9	0.0190487	-0.0327152
14.91	0.0187135	-0.0343236
14.92	0.0183623	-0.0358977
14.93	0.0179956	-0.0374362
14.94	0.0176137	-0.0389378
14.95	0.017217	-0.0404012
14.96	0.0168059	-0.0418252
14.97	0.0163807	-0.0432087
14.98	0.0159418	-0.0445504
14.99	0.0154898	-0.0458494
15	0.015025	-0.0471045
15.01	0.0145478	-0.0483147
15.02	0.0140588	-0.0494791
15.03	0.0135584	-0.0505967
15.04	0.0130471	-0.0516666
15.05	0.0125253	-0.052688
15.06	0.0119935	-0.05366
15.07	0.0114522	-0.054582
15.08	0.010902	-0.0554532
15.09	0.0103433	-0.056273
15.1	0.00977671	-0.0570407
15.11	0.00920269	-0.0577558
15.12	0.00862177	-0.0584178
15.13	0.00803451	-0.0590262
15.14	0.00744143	-0.0595805
15.15	0.00684308	-0.0600805
15.16	0.00624	-0.0605257
15.17	0.00563275	-0.060916
15.18	0.00502187	-0.061251
15.19	0.00440791	-0.0615307
15.2	0.00379144	-0.0617549
15.21	0.003173	-0.0619235
15.22	0.00255315	-0.0620365
15.23	0.00193246	-0.0620939
15.24	0.00131146	-0.0620959
15.25	0.000690722	-0.0620425
15.26	7.07946e-05	-0.0619339
15.27	-0.000547772	-0.0617703
15.28	-0.00116443	-0.061552
15.29	-0.00177863	-0.0612794
15.3	-0.00238984	-0.0609527
15.31	-0.00299751	-0.0605725
15.32	-0.00360111	-0.0601391
15.33	-0.00420011	-0.0596532
15.34	-0.004794	-0.0591151
15.35	-0.00538225	-0.0585256
15.36	-0.00596434	-0.0578852
15.37	-0.00653978	-0.0571948
15.38	-0.00710807	-0.0564549
15.39	-0.00766872	-0.0556664
15.4	-0.00822124	-0.05483
15.41	-0.00876516	-0.0539467
15.42	-0.00930002	-0.0530174
15.43	-0.00982536	-0.0520429
15.44	-0.0103407	-0.0510242
15.45	-0.0108457	-0.0499624
15.46	-0.0113398	-0.0488585
15.47	-0.0118227	-0.0477136
15.48	-0.012294	-0.0465288
15.49	-0.0127532	-0.0453052
15.5	-0.0132	-0.044044
15.51	-0.0136339	-0.0427464
15.52	-0.0140548	-0.0414138
15.53	-0.0144621	-0.0400472
15.54	-0.0148556	-0.0386481
15.55	-0.015235	-0.0372178
15.56	-0.0155999	-0.0357575
15.57	-0.01595	-0.0342688
15.58	-0.0162851	-0.0327529
15.59	-0.016605	-0.0312113
15.6	-0.0169093	-0.0296454
15.61	-0.0171978	-0.0280567
15.62	-0.0174704	-0.0264466
15.63	-0.0177267	-0.0248166
15.64	-0.0179666	-0.0231682
15.65	-0.01819	-0.021503
15.66	-0.0183966	-0.0198225
15.67	-0.0185864	-0.0181281
15.68	-0.0187592	-0.0164214
15.69	-0.0189148	-0.0147041
15.7	-0.0190532	-0.0129776
15.71	-0.0191743	-0.0112434
15.72	-0.0192781	-0.00950325
15.73	-0.0193644	-0.0077586
15.74	-0.0194332	-0.00601105
15.75	-0.0194846	-0.00426215
15.76	-0.0195185	-0.00251347
15.77	-0.0195349	-0.000766562
15.78	-0.0195338	0.000977013
15.79	-0.0195153	0.00271571
15.8	-0.0194795	0.00444799
15.81	-0.0194264	0.00617233
15.82	-0.0193561	0.00788721
15.83	-0.0192687	0.00959111
15.84	-0.0191643	0.0112825
15.85	-0.0190431	0.01296
15.86	-0.0189052	0.0146221
15.87	-0.0187507	0.0162674
15.88	-0.0185799	0.0178943
15.89	-0.0183929	0.0195016
15.9	-0.0181899	0.0210877
15.91	-0.0179712	0.0226515
15.92	-0.017737	0.0241914
15.93	-0.0174875	0.0257062
15.94	-0.0172229	0.0271947
15.95	-0.0169437	0.0286555
15.96	-0.0166499	0.0300873
15.97	-0.016342	0.0314891
15.98	-0.0160202	0.0328596
15.99	-0.0156849	0.0341976
16	-0.0153364	0.0355021
16.01	-0.014975	0.0367719
16.02	-0.0146011	0.038006
16.03	-0.014215	0.0392034
16.04	-0.0138171	0.0403631
16.05	-0.0134079	0.0414841
16.06	-0.0129876	0.0425656
16.07	-0.0125567	0.0436066
16.08	-0.0121156	0.0446064
16.09	-0.0116647	0.0455641
16.1	-0.0112045	0.046479
16.11	-0.0107353	0.0473504
16.12	-0.0102576	0.0481775
16.13	-0.00977187	0.0489598
16.14	-0.00927855	0.0496966
16.15	-0.00877809	0.0503875
16.16	-0.00827095	0.0510318
16.17	-0.00775761	0.0516292
16.18	-0.00723853	0.0521791
16.19	-0.00671419	0.0526813
16.2	-0.00618506	0.0531353
16.21	-0.00565164	0.0535409
16.22	-0.00511441	0.0538979
16.23	-0.00457385	0.054206
16.24	-0.00403045	0.0544651
16.25	-0.00348471	0.054675
16.26	-0.00293712	0.0548357
16.27	-0.00238816	0.0549471
16.28	-0.00183834	0.0550093
16.29	-0.00128814	0.0550223
16.3	-0.000738056	0.0549862
16.31	-0.000188579	0.0549011
16.32	0.000359804	0.0547674
16.33	0.000906606	0.0545851
16.34	0.00145134	0.0543545
16.35	0.00199354	0.054076
16.36	0.00253271	0.05375
16.37	0.00306838	0.0533768
16.38	0.00360009	0.0529568
